1 0.110000 0.000000 0 0
2 0.070000 1.000000 1 1
3 0.130000 3.000000 3 3
4 0.200000 6.000000 6 6
5 0.290000 10.000000 10 10
6 0.380000 15.000000 15 15
7 0.440000 21.000000 21 21
8 0.580000 28.000000 28 28
9 0.650000 36.000000 36 36
10 0.750000 45.000000 45 45
11 0.900000 55.000000 55 55
12 1.000000 66.000000 66 66
13 1.130000 78.000000 78 78
14 1.270000 91.000000 91 91
15 1.410000 105.000000 105 105
16 1.550000 120.000000 120 120
17 1.720000 136.000000 136 136
18 2.080000 153.000000 153 153
19 2.090000 171.000000 171 171
20 2.200000 190.000000 190 190
21 2.330000 210.000000 210 210
22 2.550000 231.000000 231 231
23 2.700000 253.000000 253 253
24 2.900000 276.000000 276 276
25 3.100000 300.000000 300 300
26 3.250000 325.000000 325 325
27 3.480000 351.000000 351 351
28 3.660000 378.000000 378 378
29 3.860000 406.000000 406 406
30 4.370000 435.000000 435 435
31 4.400000 465.000000 465 465
32 4.540000 496.000000 496 496
33 3.910000 528.000000 528 528
34 4.080000 561.000000 561 561
35 4.290000 595.000000 595 595
36 4.490000 630.000000 630 630
37 4.690000 666.000000 666 666
38 4.850000 703.000000 703 703
39 5.090000 741.000000 741 741
40 5.290000 780.000000 780 780
41 5.540000 820.000000 820 820
42 5.660000 861.000000 861 861
43 5.080000 903.000000 903 903
44 5.270000 946.000000 946 946
45 5.460000 990.000000 990 990
46 5.670000 1035.000000 1035 1035
47 5.850000 1081.000000 1081 1081
48 6.080000 1128.000000 1128 1128
49 6.250000 1176.000000 1176 1176
50 6.470000 1225.000000 1225 1225
51 6.810000 1275.000000 1275 1275
52 7.130000 1326.000000 1326 1326
53 7.060000 1378.000000 1378 1378
54 6.430000 1431.000000 1431 1431
55 6.610000 1485.000000 1485 1485
56 6.820000 1540.000000 1540 1540
57 7.000000 1596.000000 1596 1596
58 7.600000 1653.000000 1653 1653
59 7.510000 1711.000000 1711 1711
60 7.830000 1770.000000 1770 1770
61 7.070000 1830.000000 1830 1830
62 7.150000 1891.000000 1891 1891
63 7.470000 1953.000000 1953 1953
64 7.720000 2016.000000 2016 2016
65 7.730000 2080.000000 2080 2080
66 7.980000 2145.000000 2145 2145
67 8.430000 2211.000000 2211 2211
68 8.650000 2278.000000 2278 2278
69 8.040000 2346.000000 2346 2346
70 5.670000 2415.000000 2415 2415
71 5.480000 2485.000000 2485 2485
72 5.590000 2556.000000 2556 2556
73 8.380000 2628.000000 2628 2628
74 8.550000 2701.000000 2701 2701
75 9.000000 2775.000000 2775 2775
76 8.940000 2850.000000 2850 2850
77 9.490000 2926.000000 2926 2926
78 9.640000 3003.000000 3003 3003
79 9.540000 3081.000000 3081 3081
80 9.500000 3160.000000 3160 3160
81 9.020000 3240.000000 3240 3240
82 9.160000 3321.000000 3321 3321
83 9.430000 3403.000000 3403 3403
84 9.570000 3486.000000 3486 3486
85 9.750000 3570.000000 3570 3570
86 9.950000 3655.000000 3655 3655
87 10.310000 3741.000000 3741 3741
88 10.370000 3828.000000 3828 3828
89 10.420000 3916.000000 3916 3916
90 9.860000 4005.000000 4005 4005
91 10.020000 4095.000000 4095 4095
92 10.210000 4186.000000 4186 4186
93 10.470000 4278.000000 4278 4278
94 10.610000 4371.000000 4371 4371
95 10.790000 4465.000000 4465 4465
96 10.980000 4560.000000 4560 4560
97 11.170000 4656.000000 4656 4656
98 10.780000 4753.000000 4753 4753
99 10.690000 4851.000000 4851 4851
100 10.840000 4950.000000 4950 4950
101 11.040000 5050.000000 5050 5050
102 11.270000 5151.000000 5151 5151
103 11.440000 5253.000000 5253 5253
104 11.610000 5356.000000 5356 5356
105 12.210000 5460.000000 5460 5460
106 11.660000 5565.000000 5565 5565
107 11.680000 5671.000000 5671 5671
108 11.830000 5778.000000 5778 5778
109 12.040000 5886.000000 5886 5886
110 12.260000 5995.000000 5995 5995
111 12.430000 6105.000000 6105 6105
112 12.440000 6216.000000 6216 6216
113 12.580000 6328.000000 6328 6328
114 12.570000 6441.000000 6441 6441
115 12.700000 6555.000000 6555 6555
116 12.820000 6670.000000 6670 6670
117 13.120000 6786.000000 6786 6786
118 13.020000 6903.000000 6903 6903
119 13.200000 7021.000000 7021 7021
120 13.370000 7140.000000 7140 7140
121 13.550000 7260.000000 7260 7260
122 13.760000 7381.000000 7381 7381
123 13.980000 7503.000000 7503 7503
124 14.160000 7626.000000 7626 7626
125 14.390000 7750.000000 7750 7750
126 14.540000 7875.000000 7875 7875
127 15.080000 8001.000000 8001 8001
128 14.950000 8128.000000 8128 8128
129 15.110000 8256.000000 8256 8256
130 15.380000 8385.000000 8385 8385
131 15.580000 8515.000000 8515 8515
132 15.760000 8646.000000 8646 8646
133 16.040000 8778.000000 8778 8778
134 16.190000 8911.000000 8911 8911
135 16.420000 9045.000000 9045 9045
136 16.600000 9180.000000 9180 9180
137 16.850000 9316.000000 9316 9316
138 17.020000 9453.000000 9453 9453
139 17.260000 9591.000000 9591 9591
140 17.650000 9730.000000 9730 9730
141 17.730000 9870.000000 9870 9870
142 17.940000 10011.000000 10011 10011
143 18.290000 10153.000000 10153 10153
144 18.690000 10296.000000 10296 10296
145 19.290000 10440.000000 10440 10440
146 19.470000 10585.000000 10585 10585
147 19.630000 10731.000000 10731 10731
148 19.330000 10878.000000 10878 10878
149 19.560000 11026.000000 11026 11026
150 20.730000 11175.000000 11175 11175
151 21.540000 11325.000000 11325 11325
152 20.200000 11476.000000 11476 11476
153 20.470000 11628.000000 11628 11628
154 20.700000 11781.000000 11781 11781
155 20.980000 11935.000000 11935 11935
156 22.030000 12090.000000 12090 12090
157 22.140000 12246.000000 12246 12246
158 21.960000 12403.000000 12403 12403
159 22.160000 12561.000000 12561 12561
160 22.260000 12720.000000 12720 12720
161 22.370000 12880.000000 12880 12880
162 22.780000 13041.000000 13041 13041
163 22.840000 13203.000000 13203 13203
164 23.090000 13366.000000 13366 13366
165 23.370000 13530.000000 13530 13530
166 23.690000 13695.000000 13695 13695
167 24.700000 13861.000000 13861 13861
168 24.590000 14028.000000 14028 14028
169 24.410000 14196.000000 14196 14196
170 25.040000 14365.000000 14365 14365
171 25.370000 14535.000000 14535 14535
172 26.070000 14706.000000 14706 14706
173 25.580000 14878.000000 14878 14878
174 25.980000 15051.000000 15051 15051
175 26.050000 15225.000000 15225 15225
176 26.490000 15400.000000 15400 15400
177 27.070000 15576.000000 15576 15576
178 27.970000 15753.000000 15753 15753
179 27.030000 15931.000000 15931 15931
180 27.390000 16110.000000 16110 16110
181 27.710000 16290.000000 16290 16290
182 28.310000 16471.000000 16471 16471
183 28.130000 16653.000000 16653 16653
184 28.500000 16836.000000 16836 16836
185 29.050000 17020.000000 17020 17020
186 29.100000 17205.000000 17205 17205
187 29.420000 17391.000000 17391 17391
188 29.610000 17578.000000 17578 17578
189 29.790000 17766.000000 17766 17766
190 30.390000 17955.000000 17955 17955
191 30.340000 18145.000000 18145 18145
192 31.040000 18336.000000 18336 18336
193 32.850000 18528.000000 18528 18528
194 31.840000 18721.000000 18721 18721
195 32.710000 18915.000000 18915 18915
196 32.530000 19110.000000 19110 19110
197 32.170000 19306.000000 19306 19306
198 33.460000 19503.000000 19503 19503
199 33.380000 19701.000000 19701 19701
200 33.650000 19900.000000 19900 19900
201 33.600000 20100.000000 20100 20100
202 34.460000 20301.000000 20301 20301
203 34.070000 20503.000000 20503 20503
204 34.300000 20706.000000 20706 20706
205 34.880000 20910.000000 20910 20910
206 35.320000 21115.000000 21115 21115
207 35.380000 21321.000000 21321 21321
208 36.460000 21528.000000 21528 21528
209 35.920000 21736.000000 21736 21736
210 36.720000 21945.000000 21945 21945
211 36.770000 22155.000000 22155 22155
212 37.420000 22366.000000 22366 22366
213 37.480000 22578.000000 22578 22578
214 38.130000 22791.000000 22791 22791
215 38.280000 23005.000000 23005 23005
216 38.500000 23220.000000 23220 23220
217 39.030000 23436.000000 23436 23436
218 39.490000 23653.000000 23653 23653
219 39.610000 23871.000000 23871 23871
220 40.220000 24090.000000 24090 24090
221 39.880000 24310.000000 24310 24310
222 41.240000 24531.000000 24531 24531
223 40.360000 24753.000000 24753 24753
224 41.500000 24976.000000 24976 24976
225 41.050000 25200.000000 25200 25200
226 42.400000 25425.000000 25425 25425
227 42.790000 25651.000000 25651 25651
228 42.400000 25878.000000 25878 25878
229 43.010000 26106.000000 26106 26106
230 42.890000 26335.000000 26335 26335
231 43.950000 26565.000000 26565 26565
232 43.860000 26796.000000 26796 26796
233 44.570000 27028.000000 27028 27028
234 44.410000 27261.000000 27261 27261
235 44.830000 27495.000000 27495 27495
236 45.710000 27730.000000 27730 27730
237 45.170000 27966.000000 27966 27966
238 46.400000 28203.000000 28203 28203
239 46.080000 28441.000000 28441 28441
240 46.550000 28680.000000 28680 28680
241 46.840000 28920.000000 28920 28920
242 46.930000 29161.000000 29161 29161
243 47.910000 29403.000000 29403 29403
244 48.040000 29646.000000 29646 29646
245 48.200000 29890.000000 29890 29890
246 49.190000 30135.000000 30135 30135
247 49.850000 30381.000000 30381 30381
248 49.090000 30628.000000 30628 30628
249 49.970000 30876.000000 30876 30876
250 49.740000 31125.000000 31125 31125
251 50.840000 31375.000000 31375 31375
252 51.340000 31626.000000 31626 31626
253 50.780000 31878.000000 31878 31878
254 51.920000 32131.000000 32131 32131
255 52.140000 32385.000000 32385 32385
256 52.190000 32640.000000 32640 32640
257 52.890000 32896.000000 32896 32896
258 52.770000 33153.000000 33153 33153
259 53.290000 33411.000000 33411 33411
260 53.470000 33670.000000 33670 33670
261 54.020000 33930.000000 33930 33930
262 54.150000 34191.000000 34191 34191
263 55.480000 34453.000000 34453 34453
264 55.150000 34716.000000 34716 34716
265 55.500000 34980.000000 34980 34980
266 57.200000 35245.000000 35245 35245
267 57.920000 35511.000000 35511 35511
268 58.170000 35778.000000 35778 35778
269 58.090000 36046.000000 36046 36046
270 58.020000 36315.000000 36315 36315
271 58.820000 36585.000000 36585 36585
272 58.590000 36856.000000 36856 36856
273 58.790000 37128.000000 37128 37128
274 59.760000 37401.000000 37401 37401
275 61.230000 37675.000000 37675 37675
276 61.220000 37950.000000 37950 37950
277 60.630000 38226.000000 38226 38226
278 61.140000 38503.000000 38503 38503
279 61.960000 38781.000000 38781 38781
280 61.510000 39060.000000 39060 39060
281 61.870000 39340.000000 39340 39340
282 62.050000 39621.000000 39621 39621
283 63.040000 39903.000000 39903 39903
284 63.170000 40186.000000 40186 40186
285 64.150000 40470.000000 40470 40470
286 63.940000 40755.000000 40755 40755
287 64.720000 41041.000000 41041 41041
288 65.450000 41328.000000 41328 41328
289 65.410000 41616.000000 41616 41616
290 65.970000 41905.000000 41905 41905
291 65.950000 42195.000000 42195 42195
292 66.900000 42486.000000 42486 42486
293 66.490000 42778.000000 42778 42778
294 67.200000 43071.000000 43071 43071
295 67.700000 43365.000000 43365 43365
296 67.910000 43660.000000 43660 43660
297 68.300000 43956.000000 43956 43956
298 68.900000 44253.000000 44253 44253
299 69.740000 44551.000000 44551 44551
300 69.450000 44850.000000 44850 44850
301 70.110000 45150.000000 45150 45150
302 70.680000 45451.000000 45451 45451
303 71.110000 45753.000000 45753 45753
304 71.990000 46056.000000 46056 46056
305 73.290000 46360.000000 46360 46360
306 76.330000 46665.000000 46665 46665
307 74.780000 46971.000000 46971 46971
308 75.540000 47278.000000 47278 47278
309 76.270000 47586.000000 47586 47586
310 77.800000 47895.000000 47895 47895
311 76.090000 48205.000000 48205 48205
312 74.780000 48516.000000 48516 48516
313 75.270000 48828.000000 48828 48828
314 75.510000 49141.000000 49141 49141
315 76.580000 49455.000000 49455 49455
316 76.970000 49770.000000 49770 49770
317 77.390000 50086.000000 50086 50086
318 77.450000 50403.000000 50403 50403
319 78.030000 50721.000000 50721 50721
320 78.710000 51040.000000 51040 51040
321 79.300000 51360.000000 51360 51360
322 79.430000 51681.000000 51681 51681
323 80.230000 52003.000000 52003 52003
324 80.620000 52326.000000 52326 52326
325 81.510000 52650.000000 52650 52650
326 82.330000 52975.000000 52975 52975
327 81.630000 53301.000000 53301 53301
328 82.210000 53628.000000 53628 53628
329 82.480000 53956.000000 53956 53956
330 83.470000 54285.000000 54285 54285
331 84.860000 54615.000000 54615 54615
332 85.950000 54946.000000 54946 54946
333 85.180000 55278.000000 55278 55278
334 85.900000 55611.000000 55611 55611
335 85.760000 55945.000000 55945 55945
336 86.330000 56280.000000 56280 56280
337 86.440000 56616.000000 56616 56616
338 86.690000 56953.000000 56953 56953
339 88.000000 57291.000000 57291 57291
340 89.190000 57630.000000 57630 57630
341 91.360000 57970.000000 57970 57970
342 89.470000 58311.000000 58311 58311
343 89.560000 58653.000000 58653 58653
344 89.300000 58996.000000 58996 58996
345 90.390000 59340.000000 59340 59340
346 91.440000 59685.000000 59685 59685
347 93.170000 60031.000000 60031 60031
348 92.960000 60378.000000 60378 60378
349 94.090000 60726.000000 60726 60726
350 94.440000 61075.000000 61075 61075
351 93.790000 61425.000000 61425 61425
352 94.120000 61776.000000 61776 61776
353 95.340000 62128.000000 62128 62128
354 94.840000 62481.000000 62481 62481
355 95.180000 62835.000000 62835 62835
356 95.270000 63190.000000 63190 63190
357 95.730000 63546.000000 63546 63546
358 96.550000 63903.000000 63903 63903
359 96.530000 64261.000000 64261 64261
360 99.980000 64620.000000 64620 64620
361 98.380000 64980.000000 64980 64980
362 98.150000 65341.000000 65341 65341
363 98.220000 65703.000000 65703 65703
364 98.820000 66066.000000 66066 66066
365 99.380000 66430.000000 66430 66430
366 99.920000 66795.000000 66795 66795
367 100.950000 67161.000000 67161 67161
368 102.830000 67528.000000 67528 67528
369 104.470000 67896.000000 67896 67896
370 105.480000 68265.000000 68265 68265
371 102.860000 68635.000000 68635 68635
372 102.630000 69006.000000 69006 69006
373 103.020000 69378.000000 69378 69378
374 103.580000 69751.000000 69751 69751
375 104.060000 70125.000000 70125 70125
376 104.660000 70500.000000 70500 70500
377 105.100000 70876.000000 70876 70876
378 105.750000 71253.000000 71253 71253
379 107.230000 71631.000000 71631 71631
380 107.770000 72010.000000 72010 72010
381 108.950000 72390.000000 72390 72390
382 108.750000 72771.000000 72771 72771
383 109.780000 73153.000000 73153 73153
384 109.860000 73536.000000 73536 73536
385 110.350000 73920.000000 73920 73920
386 111.460000 74305.000000 74305 74305
387 111.300000 74691.000000 74691 74691
388 112.360000 75078.000000 75078 75078
389 112.410000 75466.000000 75466 75466
390 113.840000 75855.000000 75855 75855
391 114.980000 76245.000000 76245 76245
392 114.730000 76636.000000 76636 76636
393 115.060000 77028.000000 77028 77028
394 115.090000 77421.000000 77421 77421
395 115.810000 77815.000000 77815 77815
396 116.100000 78210.000000 78210 78210
397 117.040000 78606.000000 78606 78606
398 118.490000 79003.000000 79003 79003
399 118.600000 79401.000000 79401 79401
400 119.280000 79800.000000 79800 79800
401 120.160000 80200.000000 80200 80200
402 121.020000 80601.000000 80601 80601
403 120.710000 81003.000000 81003 81003
404 125.130000 81406.000000 81406 81406
405 126.240000 81810.000000 81810 81810
406 123.950000 82215.000000 82215 82215
407 126.890000 82621.000000 82621 82621
408 127.230000 83028.000000 83028 83028
409 123.830000 83436.000000 83436 83436
410 126.050000 83845.000000 83845 83845
411 123.860000 84255.000000 84255 84255
412 124.650000 84666.000000 84666 84666
413 125.120000 85078.000000 85078 85078
414 125.640000 85491.000000 85491 85491
415 125.910000 85905.000000 85905 85905
416 128.530000 86320.000000 86320 86320
417 129.960000 86736.000000 86736 86736
418 127.620000 87153.000000 87153 87153
419 127.990000 87571.000000 87571 87571
420 130.540000 87990.000000 87990 87990
421 129.340000 88410.000000 88410 88410
422 130.690000 88831.000000 88831 88831
423 130.670000 89253.000000 89253 89253
424 131.230000 89676.000000 89676 89676
425 131.680000 90100.000000 90100 90100
426 132.060000 90525.000000 90525 90525
427 132.900000 90951.000000 90951 90951
428 133.880000 91378.000000 91378 91378
429 133.910000 91806.000000 91806 91806
430 135.820000 92235.000000 92235 92235
431 137.030000 92665.000000 92665 92665
432 136.900000 93096.000000 93096 93096
433 136.800000 93528.000000 93528 93528
434 138.860000 93961.000000 93961 93961
435 140.760000 94395.000000 94395 94395
436 142.800000 94830.000000 94830 94830
437 145.280000 95266.000000 95266 95266
438 141.330000 95703.000000 95703 95703
439 141.650000 96141.000000 96141 96141
440 143.350000 96580.000000 96580 96580
441 144.570000 97020.000000 97020 97020
442 144.120000 97461.000000 97461 97461
443 145.300000 97903.000000 97903 97903
444 146.220000 98346.000000 98346 98346
445 146.100000 98790.000000 98790 98790
446 146.550000 99235.000000 99235 99235
447 147.280000 99681.000000 99681 99681
448 148.280000 100128.000000 100128 100128
449 148.990000 100576.000000 100576 100576
450 147.570000 101025.000000 101025 101025
451 149.020000 101475.000000 101475 101475
452 149.660000 101926.000000 101926 101926
453 149.260000 102378.000000 102378 102378
454 150.320000 102831.000000 102831 102831
455 152.130000 103285.000000 103285 103285
456 151.710000 103740.000000 103740 103740
457 152.370000 104196.000000 104196 104196
458 153.090000 104653.000000 104653 104653
459 152.270000 105111.000000 105111 105111
460 153.600000 105570.000000 105570 105570
461 153.380000 106030.000000 106030 106030
462 154.150000 106491.000000 106491 106491
463 154.820000 106953.000000 106953 106953
464 155.220000 107416.000000 107416 107416
465 156.090000 107880.000000 107880 107880
466 156.520000 108345.000000 108345 108345
467 157.260000 108811.000000 108811 108811
468 158.270000 109278.000000 109278 109278
469 158.470000 109746.000000 109746 109746
470 159.700000 110215.000000 110215 110215
471 159.640000 110685.000000 110685 110685
472 161.140000 111156.000000 111156 111156
473 165.010000 111628.000000 111628 111628
474 162.990000 112101.000000 112101 112101
475 164.100000 112575.000000 112575 112575
476 165.110000 113050.000000 113050 113050
477 165.120000 113526.000000 113526 113526
478 165.510000 114003.000000 114003 114003
479 165.050000 114481.000000 114481 114481
480 165.700000 114960.000000 114960 114960
481 166.190000 115440.000000 115440 115440
482 166.960000 115921.000000 115921 115921
483 167.370000 116403.000000 116403 116403
484 167.870000 116886.000000 116886 116886
485 168.610000 117370.000000 117370 117370
486 169.460000 117855.000000 117855 117855
487 170.490000 118341.000000 118341 118341
488 170.600000 118828.000000 118828 118828
489 171.230000 119316.000000 119316 119316
490 171.980000 119805.000000 119805 119805
491 173.040000 120295.000000 120295 120295
492 173.490000 120786.000000 120786 120786
493 174.090000 121278.000000 121278 121278
494 175.000000 121771.000000 121771 121771
495 175.310000 122265.000000 122265 122265
496 176.110000 122760.000000 122760 122760
497 176.700000 123256.000000 123256 123256
498 177.690000 123753.000000 123753 123753
499 179.470000 124251.000000 124251 124251
500 178.690000 124750.000000 124750 124750
501 179.300000 125250.000000 125250 125250
502 180.110000 125751.000000 125751 125751
503 181.030000 126253.000000 126253 126253
504 182.370000 126756.000000 126756 126756
505 182.210000 127260.000000 127260 127260
506 182.790000 127765.000000 127765 127765
507 183.420000 128271.000000 128271 128271
508 184.270000 128778.000000 128778 128778
509 184.810000 129286.000000 129286 129286
510 186.240000 129795.000000 129795 129795
511 188.360000 130305.000000 130305 130305
512 191.990000 130816.000000 130816 130816
513 189.800000 131328.000000 131328 131328
514 190.760000 131841.000000 131841 131841
515 189.210000 132355.000000 132355 132355
516 189.830000 132870.000000 132870 132870
517 190.730000 133386.000000 133386 133386
518 191.030000 133903.000000 133903 133903
519 191.600000 134421.000000 134421 134421
520 192.370000 134940.000000 134940 134940
521 193.010000 135460.000000 135460 135460
522 193.700000 135981.000000 135981 135981
523 194.420000 136503.000000 136503 136503
524 195.290000 137026.000000 137026 137026
525 196.440000 137550.000000 137550 137550
526 198.290000 138075.000000 138075 138075
527 200.430000 138601.000000 138601 138601
528 198.180000 139128.000000 139128 139128
529 198.890000 139656.000000 139656 139656
530 200.440000 140185.000000 140185 140185
531 200.130000 140715.000000 140715 140715
532 200.970000 141246.000000 141246 141246
533 201.710000 141778.000000 141778 141778
534 202.650000 142311.000000 142311 142311
535 203.450000 142845.000000 142845 142845
536 203.660000 143380.000000 143380 143380
537 204.850000 143916.000000 143916 143916
538 205.260000 144453.000000 144453 144453
539 206.260000 144991.000000 144991 144991
540 206.920000 145530.000000 145530 145530
541 207.310000 146070.000000 146070 146070
542 208.030000 146611.000000 146611 146611
543 208.940000 147153.000000 147153 147153
544 209.590000 147696.000000 147696 147696
545 210.610000 148240.000000 148240 148240
546 210.890000 148785.000000 148785 148785
547 211.830000 149331.000000 149331 149331
548 212.570000 149878.000000 149878 149878
549 213.390000 150426.000000 150426 150426
550 213.900000 150975.000000 150975 150975
551 215.070000 151525.000000 151525 151525
552 215.770000 152076.000000 152076 152076
553 217.060000 152628.000000 152628 152628
554 216.970000 153181.000000 153181 153181
555 217.980000 153735.000000 153735 153735
556 218.970000 154290.000000 154290 154290
557 219.980000 154846.000000 154846 154846
558 219.750000 155403.000000 155403 155403
559 220.610000 155961.000000 155961 155961
560 221.650000 156520.000000 156520 156520
561 222.310000 157080.000000 157080 157080
562 223.210000 157641.000000 157641 157641
563 223.570000 158203.000000 158203 158203
564 224.190000 158766.000000 158766 158766
565 225.220000 159330.000000 159330 159330
566 225.880000 159895.000000 159895 159895
567 226.560000 160461.000000 160461 160461
568 227.330000 161028.000000 161028 161028
569 228.100000 161596.000000 161596 161596
570 229.010000 162165.000000 162165 162165
571 231.670000 162735.000000 162735 162735
572 232.410000 163306.000000 163306 163306
573 233.620000 163878.000000 163878 163878
574 234.090000 164451.000000 164451 164451
575 235.550000 165025.000000 165025 165025
576 235.140000 165600.000000 165600 165600
577 235.430000 166176.000000 166176 166176
578 237.470000 166753.000000 166753 166753
579 238.760000 167331.000000 167331 167331
580 239.380000 167910.000000 167910 167910
581 240.790000 168490.000000 168490 168490
582 243.020000 169071.000000 169071 169071
583 242.960000 169653.000000 169653 169653
584 244.000000 170236.000000 170236 170236
585 245.220000 170820.000000 170820 170820
586 246.380000 171405.000000 171405 171405
587 252.690000 171991.000000 171991 171991
588 251.020000 172578.000000 172578 172578
589 247.380000 173166.000000 173166 173166
590 247.200000 173755.000000 173755 173755
591 247.960000 174345.000000 174345 174345
592 248.310000 174936.000000 174936 174936
593 249.830000 175528.000000 175528 175528
594 253.420000 176121.000000 176121 176121
595 253.620000 176715.000000 176715 176715
596 254.490000 177310.000000 177310 177310
597 254.950000 177906.000000 177906 177906
598 257.540000 178503.000000 178503 178503
599 261.140000 179101.000000 179101 179101
600 259.530000 179700.000000 179700 179700
601 261.290000 180300.000000 180300 180300
602 263.170000 180901.000000 180901 180901
603 267.040000 181503.000000 181503 181503
604 265.300000 182106.000000 182106 182106
605 261.890000 182710.000000 182710 182710
606 261.760000 183315.000000 183315 183315
607 262.480000 183921.000000 183921 183921
608 262.720000 184528.000000 184528 184528
609 262.230000 185136.000000 185136 185136
610 263.250000 185745.000000 185745 185745
611 264.370000 186355.000000 186355 186355
612 266.070000 186966.000000 186966 186966
613 266.000000 187578.000000 187578 187578
614 267.270000 188191.000000 188191 188191
615 268.370000 188805.000000 188805 188805
616 267.740000 189420.000000 189420 189420
617 267.080000 190036.000000 190036 190036
618 268.060000 190653.000000 190653 190653
619 267.960000 191271.000000 191271 191271
620 268.670000 191890.000000 191890 191890
621 269.720000 192510.000000 192510 192510
622 270.440000 193131.000000 193131 193131
623 271.240000 193753.000000 193753 193753
624 272.460000 194376.000000 194376 194376
625 273.350000 195000.000000 195000 195000
626 274.140000 195625.000000 195625 195625
627 274.350000 196251.000000 196251 196251
628 275.230000 196878.000000 196878 196878
629 276.060000 197506.000000 197506 197506
630 278.010000 198135.000000 198135 198135
631 279.080000 198765.000000 198765 198765
632 280.870000 199396.000000 199396 199396
633 280.190000 200028.000000 200028 200028
634 281.050000 200661.000000 200661 200661
635 282.010000 201295.000000 201295 201295
636 282.460000 201930.000000 201930 201930
637 282.860000 202566.000000 202566 202566
638 283.770000 203203.000000 203203 203203
639 284.740000 203841.000000 203841 203841
640 285.500000 204480.000000 204480 204480
641 286.310000 205120.000000 205120 205120
642 287.140000 205761.000000 205761 205761
643 287.910000 206403.000000 206403 206403
644 289.090000 207046.000000 207046 207046
645 289.620000 207690.000000 207690 207690
646 293.350000 208335.000000 208335 208335
647 294.110000 208981.000000 208981 208981
648 294.500000 209628.000000 209628 209628
649 296.420000 210276.000000 210276 210276
650 295.560000 210925.000000 210925 210925
651 296.420000 211575.000000 211575 211575
652 295.910000 212226.000000 212226 212226
653 297.130000 212878.000000 212878 212878
654 297.930000 213531.000000 213531 213531
655 298.560000 214185.000000 214185 214185
656 300.780000 214840.000000 214840 214840
657 302.400000 215496.000000 215496 215496
658 301.110000 216153.000000 216153 216153
659 302.910000 216811.000000 216811 216811
660 303.110000 217470.000000 217470 217470
661 303.480000 218130.000000 218130 218130
662 304.480000 218791.000000 218791 218791
663 305.400000 219453.000000 219453 219453
664 306.190000 220116.000000 220116 220116
665 307.860000 220780.000000 220780 220780
666 308.190000 221445.000000 221445 221445
667 308.720000 222111.000000 222111 222111
668 309.520000 222778.000000 222778 222778
669 310.600000 223446.000000 223446 223446
670 311.430000 224115.000000 224115 224115
671 312.340000 224785.000000 224785 224785
672 313.460000 225456.000000 225456 225456
673 314.230000 226128.000000 226128 226128
674 315.040000 226801.000000 226801 226801
675 316.260000 227475.000000 227475 227475
676 316.840000 228150.000000 228150 228150
677 317.630000 228826.000000 228826 228826
678 318.860000 229503.000000 229503 229503
679 319.640000 230181.000000 230181 230181
680 320.570000 230860.000000 230860 230860
681 321.780000 231540.000000 231540 231540
682 322.060000 232221.000000 232221 232221
683 323.230000 232903.000000 232903 232903
684 325.480000 233586.000000 233586 233586
685 327.450000 234270.000000 234270 234270
686 327.650000 234955.000000 234955 234955
687 328.460000 235641.000000 235641 235641
688 328.810000 236328.000000 236328 236328
689 330.230000 237016.000000 237016 237016
690 331.550000 237705.000000 237705 237705
691 331.950000 238395.000000 238395 238395
692 333.090000 239086.000000 239086 239086
693 333.730000 239778.000000 239778 239778
694 334.550000 240471.000000 240471 240471
695 335.970000 241165.000000 241165 241165
696 336.880000 241860.000000 241860 241860
697 337.550000 242556.000000 242556 242556
698 338.600000 243253.000000 243253 243253
699 339.300000 243951.000000 243951 243951
700 340.180000 244650.000000 244650 244650
701 341.920000 245350.000000 245350 245350
702 341.540000 246051.000000 246051 246051
703 344.200000 246753.000000 246753 246753
704 343.330000 247456.000000 247456 247456
705 345.120000 248160.000000 248160 248160
706 346.450000 248865.000000 248865 248865
707 346.630000 249571.000000 249571 249571
708 351.020000 250278.000000 250278 250278
709 350.840000 250986.000000 250986 250986
710 351.790000 251695.000000 251695 251695
711 351.130000 252405.000000 252405 252405
712 351.450000 253116.000000 253116 253116
713 352.550000 253828.000000 253828 253828
714 355.070000 254541.000000 254541 254541
715 356.080000 255255.000000 255255 255255
716 356.280000 255970.000000 255970 255970
717 357.060000 256686.000000 256686 256686
718 358.880000 257403.000000 257403 257403
719 358.200000 258121.000000 258121 258121
720 359.250000 258840.000000 258840 258840
721 360.040000 259560.000000 259560 259560
722 361.560000 260281.000000 260281 260281
723 362.410000 261003.000000 261003 261003
724 364.290000 261726.000000 261726 261726
725 363.920000 262450.000000 262450 262450
726 364.450000 263175.000000 263175 263175
727 366.640000 263901.000000 263901 263901
728 367.310000 264628.000000 264628 264628
729 368.320000 265356.000000 265356 265356
730 368.390000 266085.000000 266085 266085
731 370.110000 266815.000000 266815 266815
732 371.250000 267546.000000 267546 267546
733 372.260000 268278.000000 268278 268278
734 373.160000 269011.000000 269011 269011
735 375.350000 269745.000000 269745 269745
736 376.000000 270480.000000 270480 270480
737 376.680000 271216.000000 271216 271216
738 379.050000 271953.000000 271953 271953
739 378.800000 272691.000000 272691 272691
740 379.220000 273430.000000 273430 273430
741 381.720000 274170.000000 274170 274170
742 380.930000 274911.000000 274911 274911
743 383.670000 275653.000000 275653 275653
744 383.950000 276396.000000 276396 276396
745 383.790000 277140.000000 277140 277140
746 384.210000 277885.000000 277885 277885
747 384.750000 278631.000000 278631 278631
748 386.770000 279378.000000 279378 279378
749 389.350000 280126.000000 280126 280126
750 389.490000 280875.000000 280875 280875
751 390.240000 281625.000000 281625 281625
752 390.480000 282376.000000 282376 282376
753 391.900000 283128.000000 283128 283128
754 392.840000 283881.000000 283881 283881
755 393.660000 284635.000000 284635 284635
756 395.360000 285390.000000 285390 285390
757 394.400000 286146.000000 286146 286146
758 396.310000 286903.000000 286903 286903
759 397.120000 287661.000000 287661 287661
760 399.200000 288420.000000 288420 288420
761 401.660000 289180.000000 289180 289180
762 402.480000 289941.000000 289941 289941
763 404.110000 290703.000000 290703 290703
764 402.560000 291466.000000 291466 291466
765 402.820000 292230.000000 292230 292230
766 405.080000 292995.000000 292995 292995
767 406.230000 293761.000000 293761 293761
768 406.520000 294528.000000 294528 294528
769 408.790000 295296.000000 295296 295296
770 408.480000 296065.000000 296065 296065
771 409.940000 296835.000000 296835 296835
772 410.370000 297606.000000 297606 297606
773 412.400000 298378.000000 298378 298378
774 413.370000 299151.000000 299151 299151
775 414.850000 299925.000000 299925 299925
776 415.350000 300700.000000 300700 300700
777 415.690000 301476.000000 301476 301476
778 416.930000 302253.000000 302253 302253
779 418.190000 303031.000000 303031 303031
780 418.950000 303810.000000 303810 303810
781 419.950000 304590.000000 304590 304590
782 421.110000 305371.000000 305371 305371
783 424.580000 306153.000000 306153 306153
784 425.530000 306936.000000 306936 306936
785 425.530000 307720.000000 307720 307720
786 427.510000 308505.000000 308505 308505
787 427.960000 309291.000000 309291 309291
788 428.400000 310078.000000 310078 310078
789 431.320000 310866.000000 310866 310866
790 432.070000 311655.000000 311655 311655
791 430.330000 312445.000000 312445 312445
792 440.930000 313236.000000 313236 313236
793 434.190000 314028.000000 314028 314028
794 435.200000 314821.000000 314821 314821
795 437.230000 315615.000000 315615 315615
796 438.170000 316410.000000 316410 316410
797 438.750000 317206.000000 317206 317206
798 439.930000 318003.000000 318003 318003
799 441.230000 318801.000000 318801 318801
800 441.640000 319600.000000 319600 319600
801 444.010000 320400.000000 320400 320400
802 444.620000 321201.000000 321201 321201
803 445.140000 322003.000000 322003 322003
804 446.490000 322806.000000 322806 322806
805 447.700000 323610.000000 323610 323610
806 446.130000 324415.000000 324415 324415
807 449.830000 325221.000000 325221 325221
808 451.620000 326028.000000 326028 326028
809 451.130000 326836.000000 326836 326836
810 453.020000 327645.000000 327645 327645
811 451.990000 328455.000000 328455 328455
812 454.320000 329266.000000 329266 329266
813 454.770000 330078.000000 330078 330078
814 455.710000 330891.000000 330891 330891
815 457.030000 331705.000000 331705 331705
816 457.190000 332520.000000 332520 332520
817 459.480000 333336.000000 333336 333336
818 460.110000 334153.000000 334153 334153
819 461.980000 334971.000000 334971 334971
820 462.240000 335790.000000 335790 335790
821 462.580000 336610.000000 336610 336610
822 476.440000 337431.000000 337431 337431
823 471.480000 338253.000000 338253 338253
824 467.140000 339076.000000 339076 339076
825 468.350000 339900.000000 339900 339900
826 469.150000 340725.000000 340725 340725
827 467.080000 341551.000000 341551 341551
828 467.600000 342378.000000 342378 342378
829 468.380000 343206.000000 343206 343206
830 470.090000 344035.000000 344035 344035
831 470.490000 344865.000000 344865 344865
832 472.160000 345696.000000 345696 345696
833 473.340000 346528.000000 346528 346528
834 473.970000 347361.000000 347361 347361
835 474.630000 348195.000000 348195 348195
836 475.900000 349030.000000 349030 349030
837 477.640000 349866.000000 349866 349866
838 478.240000 350703.000000 350703 350703
839 479.040000 351541.000000 351541 351541
840 481.270000 352380.000000 352380 352380
841 481.750000 353220.000000 353220 353220
842 482.350000 354061.000000 354061 354061
843 483.580000 354903.000000 354903 354903
844 484.810000 355746.000000 355746 355746
845 485.900000 356590.000000 356590 356590
846 488.690000 357435.000000 357435 357435
847 488.330000 358281.000000 358281 358281
848 490.160000 359128.000000 359128 359128
849 494.310000 359976.000000 359976 359976
850 497.060000 360825.000000 360825 360825
851 495.080000 361675.000000 361675 361675
852 493.690000 362526.000000 362526 362526
853 495.710000 363378.000000 363378 363378
854 496.620000 364231.000000 364231 364231
855 496.890000 365085.000000 365085 365085
856 498.000000 365940.000000 365940 365940
857 500.480000 366796.000000 366796 366796
858 500.550000 367653.000000 367653 367653
859 501.560000 368511.000000 368511 368511
860 503.170000 369370.000000 369370 369370
861 504.960000 370230.000000 370230 370230
862 505.260000 371091.000000 371091 371091
863 506.460000 371953.000000 371953 371953
864 507.060000 372816.000000 372816 372816
865 508.240000 373680.000000 373680 373680
866 509.110000 374545.000000 374545 374545
867 510.700000 375411.000000 375411 375411
868 511.640000 376278.000000 376278 376278
869 513.150000 377146.000000 377146 377146
870 514.560000 378015.000000 378015 378015
871 515.110000 378885.000000 378885 378885
872 516.340000 379756.000000 379756 379756
873 518.070000 380628.000000 380628 380628
874 519.190000 381501.000000 381501 381501
875 519.670000 382375.000000 382375 382375
876 521.200000 383250.000000 383250 383250
877 525.950000 384126.000000 384126 384126
878 537.450000 385003.000000 385003 385003
879 549.030000 385881.000000 385881 385881
880 546.860000 386760.000000 386760 386760
881 543.030000 387640.000000 387640 387640
882 538.960000 388521.000000 388521 388521
883 541.680000 389403.000000 389403 389403
884 549.490000 390286.000000 390286 390286
885 541.100000 391170.000000 391170 391170
886 540.940000 392055.000000 392055 392055
887 544.890000 392941.000000 392941 392941
888 544.490000 393828.000000 393828 393828
889 541.210000 394716.000000 394716 394716
890 545.090000 395605.000000 395605 395605
891 548.620000 396495.000000 396495 396495
892 549.160000 397386.000000 397386 397386
893 553.410000 398278.000000 398278 398278
894 557.760000 399171.000000 399171 399171
895 561.670000 400065.000000 400065 400065
896 561.290000 400960.000000 400960 400960
897 559.280000 401856.000000 401856 401856
898 553.970000 402753.000000 402753 402753
899 549.300000 403651.000000 403651 403651
900 548.560000 404550.000000 404550 404550
901 549.980000 405450.000000 405450 405450
902 551.030000 406351.000000 406351 406351
903 556.890000 407253.000000 407253 407253
904 568.390000 408156.000000 408156 408156
905 568.130000 409060.000000 409060 409060
906 565.620000 409965.000000 409965 409965
907 568.250000 410871.000000 410871 410871
908 569.370000 411778.000000 411778 411778
909 571.890000 412686.000000 412686 412686
910 572.710000 413595.000000 413595 413595
911 568.750000 414505.000000 414505 414505
912 563.570000 415416.000000 415416 415416
913 564.090000 416328.000000 416328 416328
914 565.520000 417241.000000 417241 417241
915 567.260000 418155.000000 418155 418155
916 567.500000 419070.000000 419070 419070
917 568.980000 419986.000000 419986 419986
918 569.620000 420903.000000 420903 420903
919 571.060000 421821.000000 421821 421821
920 573.240000 422740.000000 422740 422740
921 573.510000 423660.000000 423660 423660
922 578.020000 424581.000000 424581 424581
923 581.700000 425503.000000 425503 425503
924 580.680000 426426.000000 426426 426426
925 578.660000 427350.000000 427350 427350
926 580.460000 428275.000000 428275 428275
927 581.340000 429201.000000 429201 429201
928 582.060000 430128.000000 430128 430128
929 583.180000 431056.000000 431056 431056
930 584.700000 431985.000000 431985 431985
931 585.460000 432915.000000 432915 432915
932 587.160000 433846.000000 433846 433846
933 588.160000 434778.000000 434778 434778
934 626.640000 435711.000000 435711 435711
935 590.850000 436645.000000 436645 436645
936 595.100000 437580.000000 437580 437580
937 593.010000 438516.000000 438516 438516
938 594.390000 439453.000000 439453 439453
939 595.180000 440391.000000 440391 440391
940 597.260000 441330.000000 441330 441330
941 598.170000 442270.000000 442270 442270
942 599.300000 443211.000000 443211 443211
943 601.270000 444153.000000 444153 444153
944 601.400000 445096.000000 445096 445096
945 602.870000 446040.000000 446040 446040
946 604.310000 446985.000000 446985 446985
947 605.250000 447931.000000 447931 447931
948 607.310000 448878.000000 448878 448878
949 608.240000 449826.000000 449826 449826
950 609.690000 450775.000000 450775 450775
951 610.260000 451725.000000 451725 451725
952 611.320000 452676.000000 452676 452676
953 612.790000 453628.000000 453628 453628
954 614.030000 454581.000000 454581 454581
955 618.540000 455535.000000 455535 455535
956 622.000000 456490.000000 456490 456490
957 623.620000 457446.000000 457446 457446
958 618.610000 458403.000000 458403 458403
959 621.510000 459361.000000 459361 459361
960 621.740000 460320.000000 460320 460320
961 622.700000 461280.000000 461280 461280
962 624.560000 462241.000000 462241 462241
963 628.410000 463203.000000 463203 463203
964 635.330000 464166.000000 464166 464166
965 646.440000 465130.000000 465130 465130
966 649.490000 466095.000000 466095 466095
967 646.940000 467061.000000 467061 467061
968 637.470000 468028.000000 468028 468028
969 639.270000 468996.000000 468996 468996
970 645.140000 469965.000000 469965 469965
971 645.630000 470935.000000 470935 470935
972 655.550000 471906.000000 471906 471906
973 657.660000 472878.000000 472878 472878
974 654.940000 473851.000000 473851 473851
975 659.160000 474825.000000 474825 474825
976 655.170000 475800.000000 475800 475800
977 652.850000 476776.000000 476776 476776
978 654.700000 477753.000000 477753 477753
979 652.590000 478731.000000 478731 478731
980 653.670000 479710.000000 479710 479710
981 653.340000 480690.000000 480690 480690
982 654.210000 481671.000000 481671 481671
983 656.650000 482653.000000 482653 482653
984 657.780000 483636.000000 483636 483636
985 658.550000 484620.000000 484620 484620
986 663.090000 485605.000000 485605 485605
987 665.080000 486591.000000 486591 486591
988 662.250000 487578.000000 487578 487578
989 666.060000 488566.000000 488566 488566
990 666.880000 489555.000000 489555 489555
991 666.970000 490545.000000 490545 490545
992 667.950000 491536.000000 491536 491536
993 669.390000 492528.000000 492528 492528
994 669.200000 493521.000000 493521 493521
995 672.580000 494515.000000 494515 494515
996 670.810000 495510.000000 495510 495510
997 677.630000 496506.000000 496506 496506
998 677.330000 497503.000000 497503 497503
999 681.630000 498501.000000 498501 498501
1000 681.300000 499500.000000 499500 499500
