1 87.000000 0.000000 0 0
2 101.400000 1.000000 1 1
3 1.100000 3.000000 3 3
4 1.200000 6.000000 6 6
5 1.400000 10.000000 10 10
6 1.800000 15.000000 15 15
7 2.200000 21.000000 21 21
8 2.700000 28.000000 28 28
9 3.200000 36.000000 36 36
10 5.900000 45.000000 45 45
11 8.600000 55.000000 55 55
12 5.800000 66.000000 66 66
13 6.300000 78.000000 78 78
14 6.900000 91.000000 91 91
15 7.500000 105.000000 105 105
16 10.000000 120.000000 120 120
17 11.800000 136.000000 136 136
18 13.000000 153.000000 153 153
19 17.300000 171.000000 171 171
20 13.300000 190.000000 190 190
21 14.000000 210.000000 210 210
22 15.300000 231.000000 231 231
23 17.900000 253.000000 253 253
24 16.600000 276.000000 276 276
25 17.700000 300.000000 300 300
26 20.300000 325.000000 325 325
27 19.400000 351.000000 351 351
28 210.300000 378.000000 378 378
29 22.000000 406.000000 406 406
30 19.400000 435.000000 435 435
31 20.500000 465.000000 465 465
32 23.000000 496.000000 496 496
33 33.900000 528.000000 528 528
34 23.300000 561.000000 561 561
35 38.800000 595.000000 595 595
36 40.300000 630.000000 630 630
37 42.300000 666.000000 666 666
38 36.200000 703.000000 703 703
39 37.200000 741.000000 741 741
40 35.300000 780.000000 780 780
41 36.700000 820.000000 820 820
42 36.000000 861.000000 861 861
43 33.200000 903.000000 903 903
44 34.600000 946.000000 946 946
45 33.500000 990.000000 990 990
46 34.300000 1035.000000 1035 1035
47 37.900000 1081.000000 1081 1081
48 40.900000 1128.000000 1128 1128
49 41.700000 1176.000000 1176 1176
50 44.400000 1225.000000 1225 1225
51 46.300000 1275.000000 1275 1275
52 49.900000 1326.000000 1326 1326
53 50.500000 1378.000000 1378 1378
54 52.300000 1431.000000 1431 1431
55 53.800000 1485.000000 1485 1485
56 58.900000 1540.000000 1540 1540
57 54.300000 1596.000000 1596 1596
58 73.300000 1653.000000 1653 1653
59 111.000000 1711.000000 1711 1711
60 99.000000 1770.000000 1770 1770
61 88.100000 1830.000000 1830 1830
62 78.400000 1891.000000 1891 1891
63 80.200000 1953.000000 1953 1953
64 85.200000 2016.000000 2016 2016
65 87.400000 2080.000000 2080 2080
66 87.000000 2145.000000 2145 2145
67 89.600000 2211.000000 2211 2211
68 93.600000 2278.000000 2278 2278
69 94.200000 2346.000000 2346 2346
70 96.900000 2415.000000 2415 2415
71 108.900000 2485.000000 2485 2485
72 101.800000 2556.000000 2556 2556
73 112.200000 2628.000000 2628 2628
74 106.800000 2701.000000 2701 2701
75 69.700000 2775.000000 2775 2775
76 92.500000 2850.000000 2850 2850
77 102.400000 2926.000000 2926 2926
78 100.500000 3003.000000 3003 3003
79 100.500000 3081.000000 3081 3081
80 104.900000 3160.000000 3160 3160
81 103.700000 3240.000000 3240 3240
82 107.100000 3321.000000 3321 3321
83 109.400000 3403.000000 3403 3403
84 101.700000 3486.000000 3486 3486
85 102.100000 3570.000000 3570 3570
86 104.000000 3655.000000 3655 3655
87 106.700000 3741.000000 3741 3741
88 99.900000 3828.000000 3828 3828
89 101.700000 3916.000000 3916 3916
90 102.800000 4005.000000 4005 4005
91 104.600000 4095.000000 4095 4095
92 106.500000 4186.000000 4186 4186
93 111.800000 4278.000000 4278 4278
94 117.400000 4371.000000 4371 4371
95 125.200000 4465.000000 4465 4465
96 123.500000 4560.000000 4560 4560
97 127.300000 4656.000000 4656 4656
98 128.900000 4753.000000 4753 4753
99 130.500000 4851.000000 4851 4851
100 138.100000 4950.000000 4950 4950
101 137.400000 5050.000000 5050 5050
102 137.600000 5151.000000 5151 5151
103 298.800000 5253.000000 5253 5253
104 145.700000 5356.000000 5356 5356
105 149.400000 5460.000000 5460 5460
106 150.000000 5565.000000 5565 5565
107 150.800000 5671.000000 5671 5671
108 154.300000 5778.000000 5778 5778
109 156.100000 5886.000000 5886 5886
110 163.800000 5995.000000 5995 5995
111 171.200000 6105.000000 6105 6105
112 164.700000 6216.000000 6216 6216
113 166.900000 6328.000000 6328 6328
114 171.400000 6441.000000 6441 6441
115 175.200000 6555.000000 6555 6555
116 177.600000 6670.000000 6670 6670
117 178.000000 6786.000000 6786 6786
118 184.200000 6903.000000 6903 6903
119 192.300000 7021.000000 7021 7021
120 188.500000 7140.000000 7140 7140
121 189.800000 7260.000000 7260 7260
122 193.000000 7381.000000 7381 7381
123 197.200000 7503.000000 7503 7503
124 202.100000 7626.000000 7626 7626
125 225.100000 7750.000000 7750 7750
126 213.300000 7875.000000 7875 7875
127 209.200000 8001.000000 8001 8001
128 217.500000 8128.000000 8128 8128
129 214.300000 8256.000000 8256 8256
130 218.100000 8385.000000 8385 8385
131 250.000000 8515.000000 8515 8515
132 385.400000 8646.000000 8646 8646
133 240.600000 8778.000000 8778 8778
134 237.400000 8911.000000 8911 8911
135 236.800000 9045.000000 9045 9045
136 237.700000 9180.000000 9180 9180
137 239.600000 9316.000000 9316 9316
138 256.600000 9453.000000 9453 9453
139 258.400000 9591.000000 9591 9591
140 249.500000 9730.000000 9730 9730
141 260.800000 9870.000000 9870 9870
142 257.900000 10011.000000 10011 10011
143 261.600000 10153.000000 10153 10153
144 284.500000 10296.000000 10296 10296
145 269.000000 10440.000000 10440 10440
146 269.300000 10585.000000 10585 10585
147 276.200000 10731.000000 10731 10731
148 287.200000 10878.000000 10878 10878
149 321.400000 11026.000000 11026 11026
150 303.900000 11175.000000 11175 11175
151 289.700000 11325.000000 11325 11325
152 264.200000 11476.000000 11476 11476
153 321.200000 11628.000000 11628 11628
154 454.500000 11781.000000 11781 11781
155 303.700000 11935.000000 11935 11935
156 311.900000 12090.000000 12090 12090
157 312.300000 12246.000000 12246 12246
158 322.000000 12403.000000 12403 12403
159 319.700000 12561.000000 12561 12561
160 318.100000 12720.000000 12720 12720
161 343.200000 12880.000000 12880 12880
162 330.900000 13041.000000 13041 13041
163 336.600000 13203.000000 13203 13203
164 338.900000 13366.000000 13366 13366
165 362.000000 13530.000000 13530 13530
166 357.500000 13695.000000 13695 13695
167 350.700000 13861.000000 13861 13861
168 363.700000 14028.000000 14028 14028
169 368.800000 14196.000000 14196 14196
170 367.300000 14365.000000 14365 14365
171 365.100000 14535.000000 14535 14535
172 536.800000 14706.000000 14706 14706
173 383.700000 14878.000000 14878 14878
174 374.400000 15051.000000 15051 15051
175 408.400000 15225.000000 15225 15225
176 401.900000 15400.000000 15400 15400
177 398.500000 15576.000000 15576 15576
178 395.100000 15753.000000 15753 15753
179 419.100000 15931.000000 15931 15931
180 405.900000 16110.000000 16110 16110
181 419.100000 16290.000000 16290 16290
182 444.200000 16471.000000 16471 16471
183 420.900000 16653.000000 16653 16653
184 440.100000 16836.000000 16836 16836
185 424.600000 17020.000000 17020 17020
186 435.100000 17205.000000 17205 17205
187 621.600000 17391.000000 17391 17391
188 434.400000 17578.000000 17578 17578
189 458.800000 17766.000000 17766 17766
190 456.200000 17955.000000 17955 17955
191 450.300000 18145.000000 18145 18145
192 468.000000 18336.000000 18336 18336
193 466.200000 18528.000000 18528 18528
194 473.000000 18721.000000 18721 18721
195 482.300000 18915.000000 18915 18915
196 470.400000 19110.000000 19110 19110
197 476.400000 19306.000000 19306 19306
198 536.100000 19503.000000 19503 19503
199 491.600000 19701.000000 19701 19701
200 498.700000 19900.000000 19900 19900
201 664.400000 20100.000000 20100 20100
202 500.300000 20301.000000 20301 20301
203 512.400000 20503.000000 20503 20503
204 515.000000 20706.000000 20706 20706
205 524.900000 20910.000000 20910 20910
206 536.700000 21115.000000 21115 21115
207 565.200000 21321.000000 21321 21321
208 543.700000 21528.000000 21528 21528
209 557.700000 21736.000000 21736 21736
210 545.800000 21945.000000 21945 21945
211 650.100000 22155.000000 22155 22155
212 573.700000 22366.000000 22366 22366
213 826.500000 22578.000000 22578 22578
214 669.900000 22791.000000 22791 22791
215 584.000000 23005.000000 23005 23005
216 571.900000 23220.000000 23220 23220
217 589.200000 23436.000000 23436 23436
218 618.800000 23653.000000 23653 23653
219 584.800000 23871.000000 23871 23871
220 611.700000 24090.000000 24090 24090
221 605.100000 24310.000000 24310 24310
222 622.600000 24531.000000 24531 24531
223 624.000000 24753.000000 24753 24753
224 611.600000 24976.000000 24976 24976
225 876.800000 25200.000000 25200 25200
226 727.500000 25425.000000 25425 25425
227 646.200000 25651.000000 25651 25651
228 640.600000 25878.000000 25878 25878
229 656.000000 26106.000000 26106 26106
230 641.100000 26335.000000 26335 26335
231 684.300000 26565.000000 26565 26565
232 663.100000 26796.000000 26796 26796
233 683.800000 27028.000000 27028 27028
234 659.800000 27261.000000 27261 27261
235 697.400000 27495.000000 27495 27495
236 842.800000 27730.000000 27730 27730
237 695.800000 27966.000000 27966 27966
238 686.000000 28203.000000 28203 28203
239 699.000000 28441.000000 28441 28441
240 707.600000 28680.000000 28680 28680
241 738.300000 28920.000000 28920 28920
242 710.600000 29161.000000 29161 29161
243 1035.900000 29403.000000 29403 29403
244 1021.400000 29646.000000 29646 29646
245 855.800000 29890.000000 29890 29890
246 923.800000 30135.000000 30135 30135
247 755.400000 30381.000000 30381 30381
248 743.800000 30628.000000 30628 30628
249 795.300000 30876.000000 30876 30876
250 846.500000 31125.000000 31125 31125
251 833.300000 31375.000000 31375 31375
252 826.200000 31626.000000 31626 31626
253 832.200000 31878.000000 31878 31878
254 826.400000 32131.000000 32131 32131
255 820.500000 32385.000000 32385 32385
256 991.600000 32640.000000 32640 32640
257 842.500000 32896.000000 32896 32896
258 876.300000 33153.000000 33153 33153
259 822.800000 33411.000000 33411 33411
260 832.200000 33670.000000 33670 33670
261 825.000000 33930.000000 33930 33930
262 894.300000 34191.000000 34191 34191
263 912.900000 34453.000000 34453 34453
264 937.900000 34716.000000 34716 34716
265 1223.900000 34980.000000 34980 34980
266 874.900000 35245.000000 35245 35245
267 943.800000 35511.000000 35511 35511
268 954.500000 35778.000000 35778 35778
269 888.200000 36046.000000 36046 36046
270 974.700000 36315.000000 36315 36315
271 963.600000 36585.000000 36585 36585
272 1121.800000 36856.000000 36856 36856
273 989.100000 37128.000000 37128 37128
274 1166.300000 37401.000000 37401 37401
275 990.400000 37675.000000 37675 37675
276 1003.300000 37950.000000 37950 37950
277 1002.700000 38226.000000 38226 38226
278 1039.100000 38503.000000 38503 38503
279 904.200000 38781.000000 38781 38781
280 864.500000 39060.000000 39060 39060
281 918.600000 39340.000000 39340 39340
282 880.700000 39621.000000 39621 39621
283 1045.000000 39903.000000 39903 39903
284 931.700000 40186.000000 40186 40186
285 940.000000 40470.000000 40470 40470
286 972.900000 40755.000000 40755 40755
287 1032.100000 41041.000000 41041 41041
288 960.700000 41328.000000 41328 41328
289 934.400000 41616.000000 41616 41616
290 1065.500000 41905.000000 41905 41905
291 1149.500000 42195.000000 42195 42195
292 1001.400000 42486.000000 42486 42486
293 1020.400000 42778.000000 42778 42778
294 996.800000 43071.000000 43071 43071
295 1006.900000 43365.000000 43365 43365
296 1019.100000 43660.000000 43660 43660
297 968.200000 43956.000000 43956 43956
298 979.400000 44253.000000 44253 44253
299 968.500000 44551.000000 44551 44551
300 1134.000000 44850.000000 44850 44850
301 995.200000 45150.000000 45150 45150
302 968.700000 45451.000000 45451 45451
303 1067.100000 45753.000000 45753 45753
304 995.400000 46056.000000 46056 46056
305 1005.700000 46360.000000 46360 46360
306 990.200000 46665.000000 46665 46665
307 1000.200000 46971.000000 46971 46971
308 1151.800000 47278.000000 47278 47278
309 1013.200000 47586.000000 47586 47586
310 1011.700000 47895.000000 47895 47895
311 1041.800000 48205.000000 48205 48205
312 1077.900000 48516.000000 48516 48516
313 1035.100000 48828.000000 48828 48828
314 1036.900000 49141.000000 49141 49141
315 1372.100000 49455.000000 49455 49455
316 1269.300000 49770.000000 49770 49770
317 1602.200000 50086.000000 50086 50086
318 1082.100000 50403.000000 50403 50403
319 1089.700000 50721.000000 50721 50721
320 1075.700000 51040.000000 51040 51040
321 1198.300000 51360.000000 51360 51360
322 1127.700000 51681.000000 51681 51681
323 1267.700000 52003.000000 52003 52003
324 1114.800000 52326.000000 52326 52326
325 1109.800000 52650.000000 52650 52650
326 1233.500000 52975.000000 52975 52975
327 1432.700000 53301.000000 53301 53301
328 2294.700000 53628.000000 53628 53628
329 1304.900000 53956.000000 53956 53956
330 1252.900000 54285.000000 54285 54285
331 1797.500000 54615.000000 54615 54615
332 1576.100000 54946.000000 54946 54946
333 1476.900000 55278.000000 55278 55278
334 1291.000000 55611.000000 55611 55611
335 1295.300000 55945.000000 55945 55945
336 1303.100000 56280.000000 56280 56280
337 1317.900000 56616.000000 56616 56616
338 1452.600000 56953.000000 56953 56953
339 1277.500000 57291.000000 57291 57291
340 1267.200000 57630.000000 57630 57630
341 1281.900000 57970.000000 57970 57970
342 1297.700000 58311.000000 58311 58311
343 1326.800000 58653.000000 58653 58653
344 1290.700000 58996.000000 58996 58996
345 1418.500000 59340.000000 59340 59340
346 1232.300000 59685.000000 59685 59685
347 1278.600000 60031.000000 60031 60031
348 1319.600000 60378.000000 60378 60378
349 1265.700000 60726.000000 60726 60726
350 1270.800000 61075.000000 61075 61075
351 1456.700000 61425.000000 61425 61425
352 1648.600000 61776.000000 61776 61776
353 1458.900000 62128.000000 62128 62128
354 1414.100000 62481.000000 62481 62481
355 1391.500000 62835.000000 62835 62835
356 1539.500000 63190.000000 63190 63190
357 1349.800000 63546.000000 63546 63546
358 1376.700000 63903.000000 63903 63903
359 1512.200000 64261.000000 64261 64261
360 1382.400000 64620.000000 64620 64620
361 1430.500000 64980.000000 64980 64980
362 1382.000000 65341.000000 65341 65341
363 1395.700000 65703.000000 65703 65703
364 1412.100000 66066.000000 66066 66066
365 1542.400000 66430.000000 66430 66430
366 1611.600000 66795.000000 66795 66795
367 1429.200000 67161.000000 67161 67161
368 1396.000000 67528.000000 67528 67528
369 1448.400000 67896.000000 67896 67896
370 1435.500000 68265.000000 68265 68265
371 1451.200000 68635.000000 68635 68635
372 1450.400000 69006.000000 69006 69006
373 1619.700000 69378.000000 69378 69378
374 1464.800000 69751.000000 69751 69751
375 1482.800000 70125.000000 70125 70125
376 1611.800000 70500.000000 70500 70500
377 1490.600000 70876.000000 70876 70876
378 1591.000000 71253.000000 71253 71253
379 1662.200000 71631.000000 71631 71631
380 1524.000000 72010.000000 72010 72010
381 1581.400000 72390.000000 72390 72390
382 1705.300000 72771.000000 72771 72771
383 1547.100000 73153.000000 73153 73153
384 1558.100000 73536.000000 73536 73536
385 1573.000000 73920.000000 73920 73920
386 1724.900000 74305.000000 74305 74305
387 1591.200000 74691.000000 74691 74691
388 1582.900000 75078.000000 75078 75078
389 1584.300000 75466.000000 75466 75466
390 1575.500000 75855.000000 75855 75855
391 1584.300000 76245.000000 76245 76245
392 1734.500000 76636.000000 76636 76636
393 1614.800000 77028.000000 77028 77028
394 1982.600000 77421.000000 77421 77421
395 1708.000000 77815.000000 77815 77815
396 1714.200000 78210.000000 78210 78210
397 1722.100000 78606.000000 78606 78606
398 1732.800000 79003.000000 79003 79003
399 1892.100000 79401.000000 79401 79401
400 1717.300000 79800.000000 79800 79800
401 1669.900000 80200.000000 80200 80200
402 1696.300000 80601.000000 80601 80601
403 1689.200000 81003.000000 81003 81003
404 1705.900000 81406.000000 81406 81406
405 1941.500000 81810.000000 81810 81810
406 1972.600000 82215.000000 82215 82215
407 1906.500000 82621.000000 82621 82621
408 2667.200000 83028.000000 83028 83028
409 2134.300000 83436.000000 83436 83436
410 1930.700000 83845.000000 83845 83845
411 2102.100000 84255.000000 84255 84255
412 1948.200000 84666.000000 84666 84666
413 1957.900000 85078.000000 85078 85078
414 2694.000000 85491.000000 85491 85491
415 3153.700000 85905.000000 85905 85905
416 2192.100000 86320.000000 86320 86320
417 2380.500000 86736.000000 86736 86736
418 2047.600000 87153.000000 87153 87153
419 2045.700000 87571.000000 87571 87571
420 2015.700000 87990.000000 87990 87990
421 2036.800000 88410.000000 88410 88410
422 2048.400000 88831.000000 88831 88831
423 2215.400000 89253.000000 89253 89253
424 2104.300000 89676.000000 89676 89676
425 2236.900000 90100.000000 90100 90100
426 2133.300000 90525.000000 90525 90525
427 2124.300000 90951.000000 90951 90951
428 2175.900000 91378.000000 91378 91378
429 2422.600000 91806.000000 91806 91806
430 2283.300000 92235.000000 92235 92235
431 2856.000000 92665.000000 92665 92665
432 2267.900000 93096.000000 93096 93096
433 2183.100000 93528.000000 93528 93528
434 2175.900000 93961.000000 93961 93961
435 2567.900000 94395.000000 94395 94395
436 2321.900000 94830.000000 94830 94830
437 2365.900000 95266.000000 95266 95266
438 2317.000000 95703.000000 95703 95703
439 2579.300000 96141.000000 96141 96141
440 2331.100000 96580.000000 96580 96580
441 2457.700000 97020.000000 97020 97020
442 2358.500000 97461.000000 97461 97461
443 2378.700000 97903.000000 97903 97903
444 2417.900000 98346.000000 98346 98346
445 2390.500000 98790.000000 98790 98790
446 2402.600000 99235.000000 99235 99235
447 2503.200000 99681.000000 99681 99681
448 2288.000000 100128.000000 100128 100128
449 2352.000000 100576.000000 100576 100576
450 2275.900000 101025.000000 101025 101025
451 2265.300000 101475.000000 101475 101475
452 2236.400000 101926.000000 101926 101926
453 2460.700000 102378.000000 102378 102378
454 2273.100000 102831.000000 102831 102831
455 2236.000000 103285.000000 103285 103285
456 2271.400000 103740.000000 103740 103740
457 2253.900000 104196.000000 104196 104196
458 2357.000000 104653.000000 104653 104653
459 3200.700000 105111.000000 105111 105111
460 2254.100000 105570.000000 105570 105570
461 2437.600000 106030.000000 106030 106030
462 2287.300000 106491.000000 106491 106491
463 2949.700000 106953.000000 106953 106953
464 2807.900000 107416.000000 107416 107416
465 2414.600000 107880.000000 107880 107880
466 2477.900000 108345.000000 108345 108345
467 2482.400000 108811.000000 108811 108811
468 2491.500000 109278.000000 109278 109278
469 2556.200000 109746.000000 109746 109746
470 2591.700000 110215.000000 110215 110215
471 2353.200000 110685.000000 110685 110685
472 2389.000000 111156.000000 111156 111156
473 2398.300000 111628.000000 111628 111628
474 2396.000000 112101.000000 112101 112101
475 2407.000000 112575.000000 112575 112575
476 2548.300000 113050.000000 113050 113050
477 2749.300000 113526.000000 113526 113526
478 2522.800000 114003.000000 114003 114003
479 2525.100000 114481.000000 114481 114481
480 2531.700000 114960.000000 114960 114960
481 2655.000000 115440.000000 115440 115440
482 2513.400000 115921.000000 115921 115921
483 2448.700000 116403.000000 116403 116403
484 2655.600000 116886.000000 116886 116886
485 3339.100000 117370.000000 117370 117370
486 3550.500000 117855.000000 117855 117855
487 3477.500000 118341.000000 118341 118341
488 2796.200000 118828.000000 118828 118828
489 2750.400000 119316.000000 119316 119316
490 2777.600000 119805.000000 119805 119805
491 2891.600000 120295.000000 120295 120295
492 3193.700000 120786.000000 120786 120786
493 2879.100000 121278.000000 121278 121278
494 2844.200000 121771.000000 121771 121771
495 2826.000000 122265.000000 122265 122265
496 2822.900000 122760.000000 122760 122760
497 2765.300000 123256.000000 123256 123256
498 2961.600000 123753.000000 123753 123753
499 2717.500000 124251.000000 124251 124251
500 2715.300000 124750.000000 124750 124750
501 2755.300000 125250.000000 125250 125250
502 2750.500000 125751.000000 125751 125751
503 2939.000000 126253.000000 126253 126253
504 2949.700000 126756.000000 126756 126756
505 2990.700000 127260.000000 127260 127260
506 2978.100000 127765.000000 127765 127765
507 2994.300000 128271.000000 128271 128271
508 3140.100000 128778.000000 128778 128778
509 2979.200000 129286.000000 129286 129286
510 3341.500000 129795.000000 129795 129795
511 2882.500000 130305.000000 130305 130305
512 2846.500000 130816.000000 130816 130816
513 2854.400000 131328.000000 131328 131328
514 3014.400000 131841.000000 131841 131841
515 2912.200000 132355.000000 132355 132355
516 2858.100000 132870.000000 132870 132870
517 2850.000000 133386.000000 133386 133386
518 2808.300000 133903.000000 133903 133903
519 3005.900000 134421.000000 134421 134421
520 3018.800000 134940.000000 134940 134940
521 3144.000000 135460.000000 135460 135460
522 3105.000000 135981.000000 135981 135981
523 2990.800000 136503.000000 136503 136503
524 3129.400000 137026.000000 137026 137026
525 3075.400000 137550.000000 137550 137550
526 2969.000000 138075.000000 138075 138075
527 3007.500000 138601.000000 138601 138601
528 2984.900000 139128.000000 139128 139128
529 2987.200000 139656.000000 139656 139656
530 3113.300000 140185.000000 140185 140185
531 2969.600000 140715.000000 140715 140715
532 2953.200000 141246.000000 141246 141246
533 2979.300000 141778.000000 141778 141778
534 2978.000000 142311.000000 142311 142311
535 3255.300000 142845.000000 142845 142845
536 3237.700000 143380.000000 143380 143380
537 2973.600000 143916.000000 143916 143916
538 2979.800000 144453.000000 144453 144453
539 3065.800000 144991.000000 144991 144991
540 3239.200000 145530.000000 145530 145530
541 3479.800000 146070.000000 146070 146070
542 3231.500000 146611.000000 146611 146611
543 3360.700000 147153.000000 147153 147153
544 3380.700000 147696.000000 147696 147696
545 3600.700000 148240.000000 148240 148240
546 3531.300000 148785.000000 148785 148785
547 3399.900000 149331.000000 149331 149331
548 3198.800000 149878.000000 149878 149878
549 3290.300000 150426.000000 150426 150426
550 3459.300000 150975.000000 150975 150975
551 3290.900000 151525.000000 151525 151525
552 3481.800000 152076.000000 152076 152076
553 3371.400000 152628.000000 152628 152628
554 3389.900000 153181.000000 153181 153181
555 3592.400000 153735.000000 153735 153735
556 3356.800000 154290.000000 154290 154290
557 3391.200000 154846.000000 154846 154846
558 3372.000000 155403.000000 155403 155403
559 3387.000000 155961.000000 155961 155961
560 3474.500000 156520.000000 156520 156520
561 3360.000000 157080.000000 157080 157080
562 3461.100000 157641.000000 157641 157641
563 3453.300000 158203.000000 158203 158203
564 3876.500000 158766.000000 158766 158766
565 3630.000000 159330.000000 159330 159330
566 3463.500000 159895.000000 159895 159895
567 3486.200000 160461.000000 160461 160461
568 3758.700000 161028.000000 161028 161028
569 3982.700000 161596.000000 161596 161596
570 3870.800000 162165.000000 162165 162165
571 3661.200000 162735.000000 162735 162735
572 3595.200000 163306.000000 163306 163306
573 3589.700000 163878.000000 163878 163878
574 3898.900000 164451.000000 164451 164451
575 3701.200000 165025.000000 165025 165025
576 3623.400000 165600.000000 165600 165600
577 3682.100000 166176.000000 166176 166176
578 3770.200000 166753.000000 166753 166753
579 3658.400000 167331.000000 167331 167331
580 3986.900000 167910.000000 167910 167910
581 3720.600000 168490.000000 168490 168490
582 3764.500000 169071.000000 169071 169071
583 3736.000000 169653.000000 169653 169653
584 3857.500000 170236.000000 170236 170236
585 4220.600000 170820.000000 170820 170820
586 3913.800000 171405.000000 171405 171405
587 3996.600000 171991.000000 171991 171991
588 3930.900000 172578.000000 172578 172578
589 4194.300000 173166.000000 173166 173166
590 4173.200000 173755.000000 173755 173755
591 3983.200000 174345.000000 174345 174345
592 4021.300000 174936.000000 174936 174936
593 4287.100000 175528.000000 175528 175528
594 4084.800000 176121.000000 176121 176121
595 4292.200000 176715.000000 176715 176715
596 4041.900000 177310.000000 177310 177310
597 4061.600000 177906.000000 177906 177906
598 4053.100000 178503.000000 178503 178503
599 4124.700000 179101.000000 179101 179101
600 4213.700000 179700.000000 179700 179700
601 4042.900000 180300.000000 180300 180300
602 4153.300000 180901.000000 180901 180901
603 4311.500000 181503.000000 181503 181503
604 4052.900000 182106.000000 182106 182106
605 4016.000000 182710.000000 182710 182710
606 3967.300000 183315.000000 183315 183315
607 3998.300000 183921.000000 183921 183921
608 3968.700000 184528.000000 184528 184528
609 4058.300000 185136.000000 185136 185136
610 3865.500000 185745.000000 185745 185745
611 3902.900000 186355.000000 186355 186355
612 3908.100000 186966.000000 186966 186966
613 4231.800000 187578.000000 187578 187578
614 4363.100000 188191.000000 188191 188191
615 4047.500000 188805.000000 188805 188805
616 4579.600000 189420.000000 189420 189420
617 4414.700000 190036.000000 190036 190036
618 4181.100000 190653.000000 190653 190653
619 4332.300000 191271.000000 191271 191271
620 4192.800000 191890.000000 191890 191890
621 4156.700000 192510.000000 192510 192510
622 4226.500000 193131.000000 193131 193131
623 4306.600000 193753.000000 193753 193753
624 4588.800000 194376.000000 194376 194376
625 5523.900000 195000.000000 195000 195000
626 4516.300000 195625.000000 195625 195625
627 4427.100000 196251.000000 196251 196251
628 4596.100000 196878.000000 196878 196878
629 4363.700000 197506.000000 197506 197506
630 4372.500000 198135.000000 198135 198135
631 4342.200000 198765.000000 198765 198765
632 4334.200000 199396.000000 199396 199396
633 4603.600000 200028.000000 200028 200028
634 4516.500000 200661.000000 200661 200661
635 4601.100000 201295.000000 201295 201295
636 4568.700000 201930.000000 201930 201930
637 4498.900000 202566.000000 202566 202566
638 5908.700000 203203.000000 203203 203203
639 4605.400000 203841.000000 203841 203841
640 4474.200000 204480.000000 204480 204480
641 4506.400000 205120.000000 205120 205120
642 4665.000000 205761.000000 205761 205761
643 4815.400000 206403.000000 206403 206403
644 4663.400000 207046.000000 207046 207046
645 4750.600000 207690.000000 207690 207690
646 4582.000000 208335.000000 208335 208335
647 4814.700000 208981.000000 208981 208981
648 4553.200000 209628.000000 209628 209628
649 4526.300000 210276.000000 210276 210276
650 4559.200000 210925.000000 210925 210925
651 4614.900000 211575.000000 211575 211575
652 4947.200000 212226.000000 212226 212226
653 4789.400000 212878.000000 212878 212878
654 4710.700000 213531.000000 213531 213531
655 4988.200000 214185.000000 214185 214185
656 4919.800000 214840.000000 214840 214840
657 4680.300000 215496.000000 215496 215496
658 5191.500000 216153.000000 216153 216153
659 4732.100000 216811.000000 216811 216811
660 4789.500000 217470.000000 217470 217470
661 4884.400000 218130.000000 218130 218130
662 4640.200000 218791.000000 218791 218791
663 4677.600000 219453.000000 219453 219453
664 4717.600000 220116.000000 220116 220116
665 4814.300000 220780.000000 220780 220780
666 4608.100000 221445.000000 221445 221445
667 4635.000000 222111.000000 222111 222111
668 4829.200000 222778.000000 222778 222778
669 5540.100000 223446.000000 223446 223446
670 5152.600000 224115.000000 224115 224115
671 4997.400000 224785.000000 224785 224785
672 5233.500000 225456.000000 225456 225456
673 5923.900000 226128.000000 226128 226128
674 5452.400000 226801.000000 226801 226801
675 5121.400000 227475.000000 227475 227475
676 4986.500000 228150.000000 228150 228150
677 5547.400000 228826.000000 228826 228826
678 5138.200000 229503.000000 229503 229503
679 5333.500000 230181.000000 230181 230181
680 5229.400000 230860.000000 230860 230860
681 5149.600000 231540.000000 231540 231540
682 5229.200000 232221.000000 232221 232221
683 5346.500000 232903.000000 232903 232903
684 5564.600000 233586.000000 233586 233586
685 5287.300000 234270.000000 234270 234270
686 5073.900000 234955.000000 234955 234955
687 5166.000000 235641.000000 235641 235641
688 5220.100000 236328.000000 236328 236328
689 5045.200000 237016.000000 237016 237016
690 5343.400000 237705.000000 237705 237705
691 6397.900000 238395.000000 238395 238395
692 5851.400000 239086.000000 239086 239086
693 5612.300000 239778.000000 239778 239778
694 5517.700000 240471.000000 240471 240471
695 6002.100000 241165.000000 241165 241165
696 5400.300000 241860.000000 241860 241860
697 5720.000000 242556.000000 242556 242556
698 5602.100000 243253.000000 243253 243253
699 6090.300000 243951.000000 243951 243951
700 5524.300000 244650.000000 244650 244650
701 5703.600000 245350.000000 245350 245350
702 5332.200000 246051.000000 246051 246051
703 5360.700000 246753.000000 246753 246753
704 5340.600000 247456.000000 247456 247456
705 5331.400000 248160.000000 248160 248160
706 5619.800000 248865.000000 248865 248865
707 5474.400000 249571.000000 249571 249571
708 5413.000000 250278.000000 250278 250278
709 5363.800000 250986.000000 250986 250986
710 5972.100000 251695.000000 251695 251695
711 5611.900000 252405.000000 252405 252405
712 5724.300000 253116.000000 253116 253116
713 5578.600000 253828.000000 253828 253828
714 6128.200000 254541.000000 254541 254541
715 5503.600000 255255.000000 255255 255255
716 5240.300000 255970.000000 255970 255970
717 5420.300000 256686.000000 256686 256686
718 5709.300000 257403.000000 257403 257403
719 5610.100000 258121.000000 258121 258121
720 5464.100000 258840.000000 258840 258840
721 5463.000000 259560.000000 259560 259560
722 5671.800000 260281.000000 260281 260281
723 5618.700000 261003.000000 261003 261003
724 5804.800000 261726.000000 261726 261726
725 5666.500000 262450.000000 262450 262450
726 5551.600000 263175.000000 263175 263175
727 6006.600000 263901.000000 263901 263901
728 5684.100000 264628.000000 264628 264628
729 6015.500000 265356.000000 265356 265356
730 5656.100000 266085.000000 266085 266085
731 5718.300000 266815.000000 266815 266815
732 6155.900000 267546.000000 267546 267546
733 5644.200000 268278.000000 268278 268278
734 6592.800000 269011.000000 269011 269011
735 5990.000000 269745.000000 269745 269745
736 5839.100000 270480.000000 270480 270480
737 5588.600000 271216.000000 271216 271216
738 5765.800000 271953.000000 271953 271953
739 5684.500000 272691.000000 272691 272691
740 5785.700000 273430.000000 273430 273430
741 5770.600000 274170.000000 274170 274170
742 5841.600000 274911.000000 274911 274911
743 5965.500000 275653.000000 275653 275653
744 6362.900000 276396.000000 276396 276396
745 6454.400000 277140.000000 277140 277140
746 5884.100000 277885.000000 277885 277885
747 5981.300000 278631.000000 278631 278631
748 5982.200000 279378.000000 279378 279378
749 5909.700000 280126.000000 280126 280126
750 5990.000000 280875.000000 280875 280875
751 6281.000000 281625.000000 281625 281625
752 6061.400000 282376.000000 282376 282376
753 6167.200000 283128.000000 283128 283128
754 5891.300000 283881.000000 283881 283881
755 5899.900000 284635.000000 284635 284635
756 5842.600000 285390.000000 285390 285390
757 5990.100000 286146.000000 286146 286146
758 5924.600000 286903.000000 286903 286903
759 6408.100000 287661.000000 287661 287661
760 7235.800000 288420.000000 288420 288420
761 6920.100000 289180.000000 289180 289180
762 6774.300000 289941.000000 289941 289941
763 6490.400000 290703.000000 290703 290703
764 6624.100000 291466.000000 291466 291466
765 6767.800000 292230.000000 292230 292230
766 6950.800000 292995.000000 292995 292995
767 6753.700000 293761.000000 293761 293761
768 6486.100000 294528.000000 294528 294528
769 6500.500000 295296.000000 295296 295296
770 6883.600000 296065.000000 296065 296065
771 7095.500000 296835.000000 296835 296835
772 6439.800000 297606.000000 297606 297606
773 6314.700000 298378.000000 298378 298378
774 6722.700000 299151.000000 299151 299151
775 7334.400000 299925.000000 299925 299925
776 6806.400000 300700.000000 300700 300700
777 6689.300000 301476.000000 301476 301476
778 6742.800000 302253.000000 302253 302253
779 6712.400000 303031.000000 303031 303031
780 6772.300000 303810.000000 303810 303810
781 6637.900000 304590.000000 304590 304590
782 6772.600000 305371.000000 305371 305371
783 6762.700000 306153.000000 306153 306153
784 6421.600000 306936.000000 306936 306936
785 6426.600000 307720.000000 307720 307720
786 7141.100000 308505.000000 308505 308505
787 6975.700000 309291.000000 309291 309291
788 6632.400000 310078.000000 310078 310078
789 7755.400000 310866.000000 310866 310866
790 6778.600000 311655.000000 311655 311655
791 6802.100000 312445.000000 312445 312445
792 6515.500000 313236.000000 313236 313236
793 7169.600000 314028.000000 314028 314028
794 6831.800000 314821.000000 314821 314821
795 7064.000000 315615.000000 315615 315615
796 6667.200000 316410.000000 316410 316410
797 6841.900000 317206.000000 317206 317206
798 6668.900000 318003.000000 318003 318003
799 6763.400000 318801.000000 318801 318801
800 7237.400000 319600.000000 319600 319600
801 6938.900000 320400.000000 320400 320400
802 6905.600000 321201.000000 321201 321201
803 7442.600000 322003.000000 322003 322003
804 6901.200000 322806.000000 322806 322806
805 7041.200000 323610.000000 323610 323610
806 6894.900000 324415.000000 324415 324415
807 7088.700000 325221.000000 325221 325221
808 6698.000000 326028.000000 326028 326028
809 6669.300000 326836.000000 326836 326836
810 8619.100000 327645.000000 327645 327645
811 7036.000000 328455.000000 328455 328455
812 6914.200000 329266.000000 329266 329266
813 7008.700000 330078.000000 330078 330078
814 7025.700000 330891.000000 330891 330891
815 7166.100000 331705.000000 331705 331705
816 7460.500000 332520.000000 332520 332520
817 7561.400000 333336.000000 333336 333336
818 7181.800000 334153.000000 334153 334153
819 7032.900000 334971.000000 334971 334971
820 7036.200000 335790.000000 335790 335790
821 6877.600000 336610.000000 336610 336610
822 6857.400000 337431.000000 337431 337431
823 7785.100000 338253.000000 338253 338253
824 7425.900000 339076.000000 339076 339076
825 7081.700000 339900.000000 339900 339900
826 7599.700000 340725.000000 340725 340725
827 7195.600000 341551.000000 341551 341551
828 8005.000000 342378.000000 342378 342378
829 7397.000000 343206.000000 343206 343206
830 7750.300000 344035.000000 344035 344035
831 7509.600000 344865.000000 344865 344865
832 7417.400000 345696.000000 345696 345696
833 7164.700000 346528.000000 346528 346528
834 7105.200000 347361.000000 347361 347361
835 7566.200000 348195.000000 348195 348195
836 8057.200000 349030.000000 349030 349030
837 7487.600000 349866.000000 349866 349866
838 7997.200000 350703.000000 350703 350703
839 8054.600000 351541.000000 351541 351541
840 7625.900000 352380.000000 352380 352380
841 7474.600000 353220.000000 353220 353220
842 8175.000000 354061.000000 354061 354061
843 7953.800000 354903.000000 354903 354903
844 7650.400000 355746.000000 355746 355746
845 7628.200000 356590.000000 356590 356590
846 7450.200000 357435.000000 357435 357435
847 7503.000000 358281.000000 358281 358281
848 8512.100000 359128.000000 359128 359128
849 8034.700000 359976.000000 359976 359976
850 7715.500000 360825.000000 360825 360825
851 7599.200000 361675.000000 361675 361675
852 7980.500000 362526.000000 362526 362526
853 7880.200000 363378.000000 363378 363378
854 8717.600000 364231.000000 364231 364231
855 9881.900000 365085.000000 365085 365085
856 7946.700000 365940.000000 365940 365940
857 7557.300000 366796.000000 366796 366796
858 8441.700000 367653.000000 367653 367653
859 7887.300000 368511.000000 368511 368511
860 7942.300000 369370.000000 369370 369370
861 8351.300000 370230.000000 370230 370230
862 7859.400000 371091.000000 371091 371091
863 7937.200000 371953.000000 371953 371953
864 7997.800000 372816.000000 372816 372816
865 8004.800000 373680.000000 373680 373680
866 8281.700000 374545.000000 374545 374545
867 8443.300000 375411.000000 375411 375411
868 8421.000000 376278.000000 376278 376278
869 8004.200000 377146.000000 377146 377146
870 8001.600000 378015.000000 378015 378015
871 8665.100000 378885.000000 378885 378885
872 8067.400000 379756.000000 379756 379756
873 8661.300000 380628.000000 380628 380628
874 9189.900000 381501.000000 381501 381501
875 8306.500000 382375.000000 382375 382375
876 8040.400000 383250.000000 383250 383250
877 8847.400000 384126.000000 384126 384126
878 8609.700000 385003.000000 385003 385003
879 8505.100000 385881.000000 385881 385881
880 8280.200000 386760.000000 386760 386760
881 8381.000000 387640.000000 387640 387640
882 8090.900000 388521.000000 388521 388521
883 8844.600000 389403.000000 389403 389403
884 8753.800000 390286.000000 390286 390286
885 8391.900000 391170.000000 391170 391170
886 8910.700000 392055.000000 392055 392055
887 8426.600000 392941.000000 392941 392941
888 8474.800000 393828.000000 393828 393828
889 8897.600000 394716.000000 394716 394716
890 8946.300000 395605.000000 395605 395605
891 9041.600000 396495.000000 396495 396495
892 8549.500000 397386.000000 397386 397386
893 8436.300000 398278.000000 398278 398278
894 8442.300000 399171.000000 399171 399171
895 8508.000000 400065.000000 400065 400065
896 8611.900000 400960.000000 400960 400960
897 8365.800000 401856.000000 401856 401856
898 8386.800000 402753.000000 402753 402753
899 8858.200000 403651.000000 403651 403651
900 8459.500000 404550.000000 404550 404550
901 9644.500000 405450.000000 405450 405450
902 8681.500000 406351.000000 406351 406351
903 9052.200000 407253.000000 407253 407253
904 9475.200000 408156.000000 408156 408156
905 8762.900000 409060.000000 409060 409060
906 8691.700000 409965.000000 409965 409965
907 8890.700000 410871.000000 410871 410871
908 8758.500000 411778.000000 411778 411778
909 8641.000000 412686.000000 412686 412686
910 8919.900000 413595.000000 413595 413595
911 9342.500000 414505.000000 414505 414505
912 9536.600000 415416.000000 415416 415416
913 9068.800000 416328.000000 416328 416328
914 9033.800000 417241.000000 417241 417241
915 9699.700000 418155.000000 418155 418155
916 9201.100000 419070.000000 419070 419070
917 8957.800000 419986.000000 419986 419986
918 9088.100000 420903.000000 420903 420903
919 9292.700000 421821.000000 421821 421821
920 8964.500000 422740.000000 422740 422740
921 9326.000000 423660.000000 423660 423660
922 9569.300000 424581.000000 424581 424581
923 9407.600000 425503.000000 425503 425503
924 9035.600000 426426.000000 426426 426426
925 9838.200000 427350.000000 427350 427350
926 9210.400000 428275.000000 428275 428275
927 9208.500000 429201.000000 429201 429201
928 9212.400000 430128.000000 430128 430128
929 9335.400000 431056.000000 431056 431056
930 9150.000000 431985.000000 431985 431985
931 9519.400000 432915.000000 432915 432915
932 9393.000000 433846.000000 433846 433846
933 9739.900000 434778.000000 434778 434778
934 9781.600000 435711.000000 435711 435711
935 10295.300000 436645.000000 436645 436645
936 9301.900000 437580.000000 437580 437580
937 10528.300000 438516.000000 438516 438516
938 10025.700000 439453.000000 439453 439453
939 9527.900000 440391.000000 440391 440391
940 9525.000000 441330.000000 441330 441330
941 11431.700000 442270.000000 442270 442270
942 10011.100000 443211.000000 443211 443211
943 9727.900000 444153.000000 444153 444153
944 9805.400000 445096.000000 445096 445096
945 10021.900000 446040.000000 446040 446040
946 10020.500000 446985.000000 446985 446985
947 10066.400000 447931.000000 447931 447931
948 9748.700000 448878.000000 448878 448878
949 9792.400000 449826.000000 449826 449826
950 9800.100000 450775.000000 450775 450775
951 9604.700000 451725.000000 451725 451725
952 10328.900000 452676.000000 452676 452676
953 10428.100000 453628.000000 453628 453628
954 11478.000000 454581.000000 454581 454581
955 10290.300000 455535.000000 455535 455535
956 10175.200000 456490.000000 456490 456490
957 10760.400000 457446.000000 457446 457446
958 10890.100000 458403.000000 458403 458403
959 10316.700000 459361.000000 459361 459361
960 10905.000000 460320.000000 460320 460320
961 10713.700000 461280.000000 461280 461280
962 10623.300000 462241.000000 462241 462241
963 10600.000000 463203.000000 463203 463203
964 10730.900000 464166.000000 464166 464166
965 11022.700000 465130.000000 465130 465130
966 10391.400000 466095.000000 466095 466095
967 10795.000000 467061.000000 467061 467061
968 10059.600000 468028.000000 468028 468028
969 10986.700000 468996.000000 468996 468996
970 11369.100000 469965.000000 469965 469965
971 11089.400000 470935.000000 470935 470935
972 10909.400000 471906.000000 471906 471906
973 10718.500000 472878.000000 472878 472878
974 10829.600000 473851.000000 473851 473851
975 10696.200000 474825.000000 474825 474825
976 10750.600000 475800.000000 475800 475800
977 10850.300000 476776.000000 476776 476776
978 10578.500000 477753.000000 477753 477753
979 10792.100000 478731.000000 478731 478731
980 10812.800000 479710.000000 479710 479710
981 10370.000000 480690.000000 480690 480690
982 10758.500000 481671.000000 481671 481671
983 10683.100000 482653.000000 482653 482653
984 10699.200000 483636.000000 483636 483636
985 10312.700000 484620.000000 484620 484620
986 10866.200000 485605.000000 485605 485605
987 10760.800000 486591.000000 486591 486591
988 11154.000000 487578.000000 487578 487578
989 11263.800000 488566.000000 488566 488566
990 10550.000000 489555.000000 489555 489555
991 10847.100000 490545.000000 490545 490545
992 11583.100000 491536.000000 491536 491536
993 11733.100000 492528.000000 492528 492528
994 10770.500000 493521.000000 493521 493521
995 10900.600000 494515.000000 494515 494515
996 11302.400000 495510.000000 495510 495510
997 11590.000000 496506.000000 496506 496506
998 11714.100000 497503.000000 497503 497503
999 10947.600000 498501.000000 498501 498501
1000 11014.000000 499500.000000 499500 499500
