1 0.020000 0.000000 0 0
2 0.030000 1.000000 1 1
3 0.060000 3.000000 3 3
4 0.090000 6.000000 6 6
5 0.130000 10.000000 10 10
6 0.180000 15.000000 15 15
7 0.220000 21.000000 21 21
8 0.270000 28.000000 28 28
9 0.340000 36.000000 36 36
10 0.400000 45.000000 45 45
11 0.460000 55.000000 55 55
12 0.520000 66.000000 66 66
13 0.600000 78.000000 78 78
14 0.670000 91.000000 91 91
15 0.730000 105.000000 105 105
16 0.820000 120.000000 120 120
17 0.900000 136.000000 136 136
18 0.970000 153.000000 153 153
19 1.060000 171.000000 171 171
20 1.150000 190.000000 190 190
21 1.250000 210.000000 210 210
22 1.350000 231.000000 231 231
23 1.550000 253.000000 253 253
24 1.550000 276.000000 276 276
25 1.630000 300.000000 300 300
26 1.670000 325.000000 325 325
27 1.670000 351.000000 351 351
28 1.740000 378.000000 378 378
29 1.870000 406.000000 406 406
30 1.960000 435.000000 435 435
31 2.060000 465.000000 465 465
32 2.200000 496.000000 496 496
33 2.260000 528.000000 528 528
34 2.380000 561.000000 561 561
35 2.520000 595.000000 595 595
36 2.700000 630.000000 630 630
37 2.740000 666.000000 666 666
38 2.900000 703.000000 703 703
39 3.000000 741.000000 741 741
40 2.850000 780.000000 780 780
41 2.450000 820.000000 820 820
42 2.430000 861.000000 861 861
43 2.560000 903.000000 903 903
44 2.630000 946.000000 946 946
45 2.720000 990.000000 990 990
46 2.880000 1035.000000 1035 1035
47 2.990000 1081.000000 1081 1081
48 3.380000 1128.000000 1128 1128
49 3.220000 1176.000000 1176 1176
50 3.240000 1225.000000 1225 1225
51 3.700000 1275.000000 1275 1275
52 4.260000 1326.000000 1326 1326
53 4.370000 1378.000000 1378 1378
54 4.500000 1431.000000 1431 1431
55 4.680000 1485.000000 1485 1485
56 4.850000 1540.000000 1540 1540
57 4.940000 1596.000000 1596 1596
58 4.960000 1653.000000 1653 1653
59 4.380000 1711.000000 1711 1711
60 4.480000 1770.000000 1770 1770
61 4.600000 1830.000000 1830 1830
62 4.820000 1891.000000 1891 1891
63 4.870000 1953.000000 1953 1953
64 4.990000 2016.000000 2016 2016
65 5.120000 2080.000000 2080 2080
66 5.020000 2145.000000 2145 2145
67 5.110000 2211.000000 2211 2211
68 5.260000 2278.000000 2278 2278
69 5.400000 2346.000000 2346 2346
70 5.720000 2415.000000 2415 2415
71 5.640000 2485.000000 2485 2485
72 5.770000 2556.000000 2556 2556
73 5.950000 2628.000000 2628 2628
74 6.040000 2701.000000 2701 2701
75 6.220000 2775.000000 2775 2775
76 6.350000 2850.000000 2850 2850
77 6.500000 2926.000000 2926 2926
78 6.680000 3003.000000 3003 3003
79 6.700000 3081.000000 3081 3081
80 6.840000 3160.000000 3160 3160
81 6.740000 3240.000000 3240 3240
82 6.700000 3321.000000 3321 3321
83 6.820000 3403.000000 3403 3403
84 7.320000 3486.000000 3486 3486
85 7.370000 3570.000000 3570 3570
86 7.750000 3655.000000 3655 3655
87 7.760000 3741.000000 3741 3741
88 8.000000 3828.000000 3828 3828
89 8.130000 3916.000000 3916 3916
90 8.120000 4005.000000 4005 4005
91 8.530000 4095.000000 4095 4095
92 8.690000 4186.000000 4186 4186
93 8.890000 4278.000000 4278 4278
94 8.890000 4371.000000 4371 4371
95 9.210000 4465.000000 4465 4465
96 9.340000 4560.000000 4560 4560
97 9.140000 4656.000000 4656 4656
98 9.050000 4753.000000 4753 4753
99 9.630000 4851.000000 4851 4851
100 10.550000 4950.000000 4950 4950
101 9.650000 5050.000000 5050 5050
102 9.780000 5151.000000 5151 5151
103 9.790000 5253.000000 5253 5253
104 10.290000 5356.000000 5356 5356
105 10.120000 5460.000000 5460 5460
106 10.250000 5565.000000 5565 5565
107 10.890000 5671.000000 5671 5671
108 11.150000 5778.000000 5778 5778
109 11.130000 5886.000000 5886 5886
110 11.020000 5995.000000 5995 5995
111 11.170000 6105.000000 6105 6105
112 11.310000 6216.000000 6216 6216
113 12.000000 6328.000000 6328 6328
114 12.320000 6441.000000 6441 6441
115 12.100000 6555.000000 6555 6555
116 12.420000 6670.000000 6670 6670
117 12.390000 6786.000000 6786 6786
118 12.370000 6903.000000 6903 6903
119 12.600000 7021.000000 7021 7021
120 12.770000 7140.000000 7140 7140
121 13.010000 7260.000000 7260 7260
122 13.130000 7381.000000 7381 7381
123 13.300000 7503.000000 7503 7503
124 13.550000 7626.000000 7626 7626
125 13.710000 7750.000000 7750 7750
126 13.840000 7875.000000 7875 7875
127 14.040000 8001.000000 8001 8001
128 14.320000 8128.000000 8128 8128
129 14.450000 8256.000000 8256 8256
130 14.630000 8385.000000 8385 8385
131 14.870000 8515.000000 8515 8515
132 15.010000 8646.000000 8646 8646
133 15.200000 8778.000000 8778 8778
134 15.460000 8911.000000 8911 8911
135 15.630000 9045.000000 9045 9045
136 15.840000 9180.000000 9180 9180
137 16.080000 9316.000000 9316 9316
138 16.250000 9453.000000 9453 9453
139 16.390000 9591.000000 9591 9591
140 16.690000 9730.000000 9730 9730
141 16.810000 9870.000000 9870 9870
142 17.050000 10011.000000 10011 10011
143 17.260000 10153.000000 10153 10153
144 17.460000 10296.000000 10296 10296
145 17.720000 10440.000000 10440 10440
146 18.540000 10585.000000 10585 10585
147 18.060000 10731.000000 10731 10731
148 18.290000 10878.000000 10878 10878
149 18.540000 11026.000000 11026 11026
150 18.760000 11175.000000 11175 11175
151 19.070000 11325.000000 11325 11325
152 19.280000 11476.000000 11476 11476
153 19.430000 11628.000000 11628 11628
154 19.660000 11781.000000 11781 11781
155 19.890000 11935.000000 11935 11935
156 20.100000 12090.000000 12090 12090
157 20.380000 12246.000000 12246 12246
158 20.540000 12403.000000 12403 12403
159 20.770000 12561.000000 12561 12561
160 21.090000 12720.000000 12720 12720
161 21.270000 12880.000000 12880 12880
162 21.480000 13041.000000 13041 13041
163 21.690000 13203.000000 13203 13203
164 21.980000 13366.000000 13366 13366
165 22.170000 13530.000000 13530 13530
166 22.370000 13695.000000 13695 13695
167 22.580000 13861.000000 13861 13861
168 22.940000 14028.000000 14028 14028
169 23.150000 14196.000000 14196 14196
170 23.470000 14365.000000 14365 14365
171 24.380000 14535.000000 14535 14535
172 24.650000 14706.000000 14706 14706
173 24.950000 14878.000000 14878 14878
174 25.220000 15051.000000 15051 15051
175 25.330000 15225.000000 15225 15225
176 25.600000 15400.000000 15400 15400
177 25.910000 15576.000000 15576 15576
178 26.430000 15753.000000 15753 15753
179 26.740000 15931.000000 15931 15931
180 25.830000 16110.000000 16110 16110
181 27.270000 16290.000000 16290 16290
182 27.000000 16471.000000 16471 16471
183 26.880000 16653.000000 16653 16653
184 28.000000 16836.000000 16836 16836
185 27.590000 17020.000000 17020 17020
186 27.780000 17205.000000 17205 17205
187 27.640000 17391.000000 17391 17391
188 27.940000 17578.000000 17578 17578
189 28.290000 17766.000000 17766 17766
190 28.560000 17955.000000 17955 17955
191 28.770000 18145.000000 18145 18145
192 29.130000 18336.000000 18336 18336
193 29.350000 18528.000000 18528 18528
194 29.570000 18721.000000 18721 18721
195 29.860000 18915.000000 18915 18915
196 30.290000 19110.000000 19110 19110
197 30.440000 19306.000000 19306 19306
198 30.730000 19503.000000 19503 19503
199 30.950000 19701.000000 19701 19701
200 31.180000 19900.000000 19900 19900
201 31.560000 20100.000000 20100 20100
202 31.850000 20301.000000 20301 20301
203 32.690000 20503.000000 20503 20503
204 32.480000 20706.000000 20706 20706
205 32.770000 20910.000000 20910 20910
206 32.910000 21115.000000 21115 21115
207 33.240000 21321.000000 21321 21321
208 33.490000 21528.000000 21528 21528
209 33.810000 21736.000000 21736 21736
210 34.110000 21945.000000 21945 21945
211 34.490000 22155.000000 22155 22155
212 34.680000 22366.000000 22366 22366
213 35.030000 22578.000000 22578 22578
214 35.240000 22791.000000 22791 22791
215 35.810000 23005.000000 23005 23005
216 35.850000 23220.000000 23220 23220
217 36.210000 23436.000000 23436 23436
218 36.860000 23653.000000 23653 23653
219 37.410000 23871.000000 23871 23871
220 38.110000 24090.000000 24090 24090
221 38.520000 24310.000000 24310 24310
222 38.670000 24531.000000 24531 24531
223 38.100000 24753.000000 24753 24753
224 39.260000 24976.000000 24976 24976
225 39.770000 25200.000000 25200 25200
226 40.090000 25425.000000 25425 25425
227 40.210000 25651.000000 25651 25651
228 40.760000 25878.000000 25878 25878
229 40.890000 26106.000000 26106 26106
230 40.780000 26335.000000 26335 26335
231 40.850000 26565.000000 26565 26565
232 41.970000 26796.000000 26796 26796
233 41.990000 27028.000000 27028 27028
234 42.730000 27261.000000 27261 27261
235 43.380000 27495.000000 27495 27495
236 43.420000 27730.000000 27730 27730
237 44.070000 27966.000000 27966 27966
238 44.400000 28203.000000 28203 28203
239 44.290000 28441.000000 28441 28441
240 45.250000 28680.000000 28680 28680
241 44.960000 28920.000000 28920 28920
242 44.440000 29161.000000 29161 29161
243 44.550000 29403.000000 29403 29403
244 44.720000 29646.000000 29646 29646
245 45.190000 29890.000000 29890 29890
246 45.400000 30135.000000 30135 30135
247 45.900000 30381.000000 30381 30381
248 46.110000 30628.000000 30628 30628
249 46.540000 30876.000000 30876 30876
250 46.790000 31125.000000 31125 31125
251 47.180000 31375.000000 31375 31375
252 47.460000 31626.000000 31626 31626
253 48.090000 31878.000000 31878 31878
254 48.170000 32131.000000 32131 32131
255 48.600000 32385.000000 32385 32385
256 48.990000 32640.000000 32640 32640
257 49.320000 32896.000000 32896 32896
258 49.600000 33153.000000 33153 33153
259 49.970000 33411.000000 33411 33411
260 50.330000 33670.000000 33670 33670
261 50.680000 33930.000000 33930 33930
262 50.970000 34191.000000 34191 34191
263 51.450000 34453.000000 34453 34453
264 51.790000 34716.000000 34716 34716
265 52.090000 34980.000000 34980 34980
266 52.620000 35245.000000 35245 35245
267 52.760000 35511.000000 35511 35511
268 53.260000 35778.000000 35778 35778
269 53.520000 36046.000000 36046 36046
270 55.240000 36315.000000 36315 36315
271 54.680000 36585.000000 36585 36585
272 55.320000 36856.000000 36856 36856
273 55.290000 37128.000000 37128 37128
274 56.430000 37401.000000 37401 37401
275 56.690000 37675.000000 37675 37675
276 56.180000 37950.000000 37950 37950
277 57.510000 38226.000000 38226 38226
278 57.850000 38503.000000 38503 38503
279 58.460000 38781.000000 38781 38781
280 59.700000 39060.000000 39060 39060
281 60.150000 39340.000000 39340 39340
282 59.900000 39621.000000 39621 39621
283 61.020000 39903.000000 39903 39903
284 60.660000 40186.000000 40186 40186
285 60.260000 40470.000000 40470 40470
286 61.200000 40755.000000 40755 40755
287 61.840000 41041.000000 41041 41041
288 62.420000 41328.000000 41328 41328
289 61.920000 41616.000000 41616 41616
290 62.960000 41905.000000 41905 41905
291 63.000000 42195.000000 42195 42195
292 64.830000 42486.000000 42486 42486
293 65.000000 42778.000000 42778 42778
294 64.820000 43071.000000 43071 43071
295 64.950000 43365.000000 43365 43365
296 65.170000 43660.000000 43660 43660
297 65.980000 43956.000000 43956 43956
298 66.110000 44253.000000 44253 44253
299 66.110000 44551.000000 44551 44551
300 67.060000 44850.000000 44850 44850
301 67.140000 45150.000000 45150 45150
302 67.990000 45451.000000 45451 45451
303 68.110000 45753.000000 45753 45753
304 68.340000 46056.000000 46056 46056
305 68.440000 46360.000000 46360 46360
306 69.450000 46665.000000 46665 46665
307 69.350000 46971.000000 46971 46971
308 69.750000 47278.000000 47278 47278
309 70.060000 47586.000000 47586 47586
310 71.270000 47895.000000 47895 47895
311 71.970000 48205.000000 48205 48205
312 72.430000 48516.000000 48516 48516
313 72.520000 48828.000000 48828 48828
314 72.690000 49141.000000 49141 49141
315 73.310000 49455.000000 49455 49455
316 73.840000 49770.000000 49770 49770
317 74.010000 50086.000000 50086 50086
318 74.080000 50403.000000 50403 50403
319 74.480000 50721.000000 50721 50721
320 75.420000 51040.000000 51040 51040
321 75.200000 51360.000000 51360 51360
322 75.610000 51681.000000 51681 51681
323 76.290000 52003.000000 52003 52003
324 76.560000 52326.000000 52326 52326
325 77.200000 52650.000000 52650 52650
326 77.660000 52975.000000 52975 52975
327 78.050000 53301.000000 53301 53301
328 80.150000 53628.000000 53628 53628
329 79.690000 53956.000000 53956 53956
330 80.090000 54285.000000 54285 54285
331 79.810000 54615.000000 54615 54615
332 80.050000 54946.000000 54946 54946
333 80.240000 55278.000000 55278 55278
334 80.600000 55611.000000 55611 55611
335 80.600000 55945.000000 55945 55945
336 81.150000 56280.000000 56280 56280
337 82.160000 56616.000000 56616 56616
338 81.870000 56953.000000 56953 56953
339 82.370000 57291.000000 57291 57291
340 82.770000 57630.000000 57630 57630
341 83.230000 57970.000000 57970 57970
342 83.660000 58311.000000 58311 58311
343 84.190000 58653.000000 58653 58653
344 84.710000 58996.000000 58996 58996
345 85.080000 59340.000000 59340 59340
346 86.770000 59685.000000 59685 59685
347 86.000000 60031.000000 60031 60031
348 86.500000 60378.000000 60378 60378
349 86.990000 60726.000000 60726 60726
350 87.470000 61075.000000 61075 61075
351 88.120000 61425.000000 61425 61425
352 89.520000 61776.000000 61776 61776
353 90.870000 62128.000000 62128 62128
354 90.390000 62481.000000 62481 62481
355 92.040000 62835.000000 62835 62835
356 93.190000 63190.000000 63190 63190
357 93.560000 63546.000000 63546 63546
358 92.820000 63903.000000 63903 63903
359 94.720000 64261.000000 64261 64261
360 93.440000 64620.000000 64620 64620
361 93.960000 64980.000000 64980 64980
362 94.500000 65341.000000 65341 65341
363 95.220000 65703.000000 65703 65703
364 96.580000 66066.000000 66066 66066
365 98.690000 66430.000000 66430 66430
366 99.000000 66795.000000 66795 66795
367 100.470000 67161.000000 67161 67161
368 97.970000 67528.000000 67528 67528
369 98.070000 67896.000000 67896 67896
370 98.860000 68265.000000 68265 68265
371 99.090000 68635.000000 68635 68635
372 99.450000 69006.000000 69006 69006
373 100.030000 69378.000000 69378 69378
374 101.650000 69751.000000 69751 69751
375 101.680000 70125.000000 70125 70125
376 101.470000 70500.000000 70500 70500
377 101.750000 70876.000000 70876 70876
378 102.510000 71253.000000 71253 71253
379 103.250000 71631.000000 71631 71631
380 104.150000 72010.000000 72010 72010
381 104.400000 72390.000000 72390 72390
382 104.730000 72771.000000 72771 72771
383 106.360000 73153.000000 73153 73153
384 105.350000 73536.000000 73536 73536
385 105.390000 73920.000000 73920 73920
386 107.190000 74305.000000 74305 74305
387 107.580000 74691.000000 74691 74691
388 107.370000 75078.000000 75078 75078
389 107.660000 75466.000000 75466 75466
390 107.670000 75855.000000 75855 75855
391 108.600000 76245.000000 76245 76245
392 108.210000 76636.000000 76636 76636
393 108.950000 77028.000000 77028 77028
394 109.300000 77421.000000 77421 77421
395 109.780000 77815.000000 77815 77815
396 110.300000 78210.000000 78210 78210
397 110.800000 78606.000000 78606 78606
398 111.410000 79003.000000 79003 79003
399 111.810000 79401.000000 79401 79401
400 112.790000 79800.000000 79800 79800
401 113.130000 80200.000000 80200 80200
402 113.420000 80601.000000 80601 80601
403 114.020000 81003.000000 81003 81003
404 114.540000 81406.000000 81406 81406
405 114.940000 81810.000000 81810 81810
406 115.600000 82215.000000 82215 82215
407 116.150000 82621.000000 82621 82621
408 116.970000 83028.000000 83028 83028
409 117.230000 83436.000000 83436 83436
410 117.790000 83845.000000 83845 83845
411 118.480000 84255.000000 84255 84255
412 118.890000 84666.000000 84666 84666
413 119.320000 85078.000000 85078 85078
414 120.400000 85491.000000 85491 85491
415 120.520000 85905.000000 85905 85905
416 121.010000 86320.000000 86320 86320
417 121.620000 86736.000000 86736 86736
418 122.130000 87153.000000 87153 87153
419 124.110000 87571.000000 87571 87571
420 124.220000 87990.000000 87990 87990
421 124.980000 88410.000000 88410 88410
422 125.380000 88831.000000 88831 88831
423 126.220000 89253.000000 89253 89253
424 126.650000 89676.000000 89676 89676
425 128.670000 90100.000000 90100 90100
426 128.160000 90525.000000 90525 90525
427 129.710000 90951.000000 90951 90951
428 129.660000 91378.000000 91378 91378
429 128.650000 91806.000000 91806 91806
430 129.480000 92235.000000 92235 92235
431 131.580000 92665.000000 92665 92665
432 130.370000 93096.000000 93096 93096
433 131.350000 93528.000000 93528 93528
434 136.290000 93961.000000 93961 93961
435 134.420000 94395.000000 94395 94395
436 135.370000 94830.000000 94830 94830
437 134.830000 95266.000000 95266 95266
438 135.910000 95703.000000 95703 95703
439 136.940000 96141.000000 96141 96141
440 137.420000 96580.000000 96580 96580
441 137.210000 97020.000000 97020 97020
442 138.240000 97461.000000 97461 97461
443 138.180000 97903.000000 97903 97903
444 138.570000 98346.000000 98346 98346
445 140.280000 98790.000000 98790 98790
446 140.970000 99235.000000 99235 99235
447 141.470000 99681.000000 99681 99681
448 142.110000 100128.000000 100128 100128
449 142.150000 100576.000000 100576 100576
450 143.290000 101025.000000 101025 101025
451 143.220000 101475.000000 101475 101475
452 143.660000 101926.000000 101926 101926
453 144.000000 102378.000000 102378 102378
454 145.330000 102831.000000 102831 102831
455 144.730000 103285.000000 103285 103285
456 144.170000 103740.000000 103740 103740
457 144.670000 104196.000000 104196 104196
458 145.360000 104653.000000 104653 104653
459 145.840000 105111.000000 105111 105111
460 146.630000 105570.000000 105570 105570
461 147.090000 106030.000000 106030 106030
462 147.670000 106491.000000 106491 106491
463 148.230000 106953.000000 106953 106953
464 149.040000 107416.000000 107416 107416
465 151.340000 107880.000000 107880 107880
466 152.300000 108345.000000 108345 108345
467 152.210000 108811.000000 108811 108811
468 153.080000 109278.000000 109278 109278
469 153.580000 109746.000000 109746 109746
470 154.110000 110215.000000 110215 110215
471 154.550000 110685.000000 110685 110685
472 155.390000 111156.000000 111156 111156
473 156.200000 111628.000000 111628 111628
474 156.540000 112101.000000 112101 112101
475 159.790000 112575.000000 112575 112575
476 160.620000 113050.000000 113050 113050
477 161.150000 113526.000000 113526 113526
478 161.270000 114003.000000 114003 114003
479 161.670000 114481.000000 114481 114481
480 162.040000 114960.000000 114960 114960
481 162.010000 115440.000000 115440 115440
482 162.830000 115921.000000 115921 115921
483 163.450000 116403.000000 116403 116403
484 162.900000 116886.000000 116886 116886
485 164.540000 117370.000000 117370 117370
486 165.150000 117855.000000 117855 117855
487 166.350000 118341.000000 118341 118341
488 166.050000 118828.000000 118828 118828
489 166.580000 119316.000000 119316 119316
490 167.520000 119805.000000 119805 119805
491 169.310000 120295.000000 120295 120295
492 169.370000 120786.000000 120786 120786
493 170.580000 121278.000000 121278 121278
494 171.420000 121771.000000 121771 121771
495 171.130000 122265.000000 122265 122265
496 171.870000 122760.000000 122760 122760
497 171.580000 123256.000000 123256 123256
498 174.890000 123753.000000 123753 123753
499 181.530000 124251.000000 124251 124251
500 176.970000 124750.000000 124750 124750
501 177.790000 125250.000000 125250 125250
502 176.920000 125751.000000 125751 125751
503 175.490000 126253.000000 126253 126253
504 176.050000 126756.000000 126756 126756
505 176.900000 127260.000000 127260 127260
506 177.480000 127765.000000 127765 127765
507 176.910000 128271.000000 128271 128271
508 177.180000 128778.000000 128778 128778
509 178.270000 129286.000000 129286 129286
510 178.530000 129795.000000 129795 129795
511 179.230000 130305.000000 130305 130305
512 179.850000 130816.000000 130816 130816
513 182.070000 131328.000000 131328 131328
514 182.870000 131841.000000 131841 131841
515 183.660000 132355.000000 132355 132355
516 184.820000 132870.000000 132870 132870
517 186.960000 133386.000000 133386 133386
518 191.620000 133903.000000 133903 133903
519 191.640000 134421.000000 134421 134421
520 194.240000 134940.000000 134940 134940
521 194.610000 135460.000000 135460 135460
522 192.230000 135981.000000 135981 135981
523 194.120000 136503.000000 136503 136503
524 195.840000 137026.000000 137026 137026
525 191.380000 137550.000000 137550 137550
526 190.140000 138075.000000 138075 138075
527 189.860000 138601.000000 138601 138601
528 191.660000 139128.000000 139128 139128
529 193.870000 139656.000000 139656 139656
530 193.600000 140185.000000 140185 140185
531 194.720000 140715.000000 140715 140715
532 198.870000 141246.000000 141246 141246
533 200.870000 141778.000000 141778 141778
534 202.010000 142311.000000 142311 142311
535 203.210000 142845.000000 142845 142845
536 202.900000 143380.000000 143380 143380
537 202.330000 143916.000000 143916 143916
538 204.530000 144453.000000 144453 144453
539 205.850000 144991.000000 144991 144991
540 209.110000 145530.000000 145530 145530
541 213.600000 146070.000000 146070 146070
542 215.740000 146611.000000 146611 146611
543 208.490000 147153.000000 147153 147153
544 205.380000 147696.000000 147696 147696
545 205.230000 148240.000000 148240 148240
546 206.980000 148785.000000 148785 148785
547 208.190000 149331.000000 149331 149331
548 206.600000 149878.000000 149878 149878
549 207.380000 150426.000000 150426 150426
550 208.830000 150975.000000 150975 150975
551 208.140000 151525.000000 151525 151525
552 210.630000 152076.000000 152076 152076
553 210.070000 152628.000000 152628 152628
554 211.000000 153181.000000 153181 153181
555 211.310000 153735.000000 153735 153735
556 215.100000 154290.000000 154290 154290
557 215.550000 154846.000000 154846 154846
558 218.030000 155403.000000 155403 155403
559 220.990000 155961.000000 155961 155961
560 222.350000 156520.000000 156520 156520
561 222.600000 157080.000000 157080 157080
562 222.110000 157641.000000 157641 157641
563 225.690000 158203.000000 158203 158203
564 224.710000 158766.000000 158766 158766
565 221.880000 159330.000000 159330 159330
566 221.960000 159895.000000 159895 159895
567 224.510000 160461.000000 160461 160461
568 222.220000 161028.000000 161028 161028
569 222.000000 161596.000000 161596 161596
570 223.660000 162165.000000 162165 162165
571 223.570000 162735.000000 162735 162735
572 223.560000 163306.000000 163306 163306
573 224.280000 163878.000000 163878 163878
574 226.470000 164451.000000 164451 164451
575 226.800000 165025.000000 165025 165025
576 226.820000 165600.000000 165600 165600
577 226.130000 166176.000000 166176 166176
578 227.000000 166753.000000 166753 166753
579 231.870000 167331.000000 167331 167331
580 230.470000 167910.000000 167910 167910
581 231.250000 168490.000000 168490 168490
582 231.860000 169071.000000 169071 169071
583 232.460000 169653.000000 169653 169653
584 233.200000 170236.000000 170236 170236
585 233.810000 170820.000000 170820 170820
586 234.200000 171405.000000 171405 171405
587 235.360000 171991.000000 171991 171991
588 235.440000 172578.000000 172578 172578
589 236.940000 173166.000000 173166 173166
590 238.490000 173755.000000 173755 173755
591 238.750000 174345.000000 174345 174345
592 239.520000 174936.000000 174936 174936
593 240.520000 175528.000000 175528 175528
594 241.610000 176121.000000 176121 176121
595 243.540000 176715.000000 176715 176715
596 245.860000 177310.000000 177310 177310
597 247.940000 177906.000000 177906 177906
598 247.430000 178503.000000 178503 178503
599 248.920000 179101.000000 179101 179101
600 247.150000 179700.000000 179700 179700
601 251.230000 180300.000000 180300 180300
602 250.830000 180901.000000 180901 180901
603 251.330000 181503.000000 181503 181503
604 252.100000 182106.000000 182106 182106
605 254.180000 182710.000000 182710 182710
606 256.010000 183315.000000 183315 183315
607 256.600000 183921.000000 183921 183921
608 255.940000 184528.000000 184528 184528
609 254.990000 185136.000000 185136 185136
610 254.500000 185745.000000 185745 185745
611 255.730000 186355.000000 186355 186355
612 254.500000 186966.000000 186966 186966
613 256.690000 187578.000000 187578 187578
614 257.040000 188191.000000 188191 188191
615 258.150000 188805.000000 188805 188805
616 258.730000 189420.000000 189420 189420
617 259.070000 190036.000000 190036 190036
618 260.000000 190653.000000 190653 190653
619 259.740000 191271.000000 191271 191271
620 260.420000 191890.000000 191890 191890
621 260.950000 192510.000000 192510 192510
622 261.900000 193131.000000 193131 193131
623 263.070000 193753.000000 193753 193753
624 263.040000 194376.000000 194376 194376
625 265.330000 195000.000000 195000 195000
626 267.410000 195625.000000 195625 195625
627 266.670000 196251.000000 196251 196251
628 266.260000 196878.000000 196878 196878
629 267.490000 197506.000000 197506 197506
630 268.080000 198135.000000 198135 198135
631 268.950000 198765.000000 198765 198765
632 269.250000 199396.000000 199396 199396
633 271.320000 200028.000000 200028 200028
634 271.360000 200661.000000 200661 200661
635 271.740000 201295.000000 201295 201295
636 272.940000 201930.000000 201930 201930
637 275.030000 202566.000000 202566 202566
638 274.850000 203203.000000 203203 203203
639 274.880000 203841.000000 203841 203841
640 276.060000 204480.000000 204480 204480
641 277.340000 205120.000000 205120 205120
642 277.550000 205761.000000 205761 205761
643 278.650000 206403.000000 206403 206403
644 279.460000 207046.000000 207046 207046
645 280.100000 207690.000000 207690 207690
646 281.030000 208335.000000 208335 208335
647 281.950000 208981.000000 208981 208981
648 282.860000 209628.000000 209628 209628
649 283.640000 210276.000000 210276 210276
650 284.390000 210925.000000 210925 210925
651 285.490000 211575.000000 211575 211575
652 285.960000 212226.000000 212226 212226
653 286.720000 212878.000000 212878 212878
654 287.480000 213531.000000 213531 213531
655 288.490000 214185.000000 214185 214185
656 289.300000 214840.000000 214840 214840
657 290.380000 215496.000000 215496 215496
658 291.100000 216153.000000 216153 216153
659 291.850000 216811.000000 216811 216811
660 292.850000 217470.000000 217470 217470
661 293.460000 218130.000000 218130 218130
662 294.540000 218791.000000 218791 218791
663 296.010000 219453.000000 219453 219453
664 297.740000 220116.000000 220116 220116
665 313.790000 220780.000000 220780 220780
666 299.860000 221445.000000 221445 221445
667 300.040000 222111.000000 222111 222111
668 300.090000 222778.000000 222778 222778
669 300.560000 223446.000000 223446 223446
670 301.290000 224115.000000 224115 224115
671 302.060000 224785.000000 224785 224785
672 303.110000 225456.000000 225456 225456
673 304.220000 226128.000000 226128 226128
674 305.490000 226801.000000 226801 226801
675 305.730000 227475.000000 227475 227475
676 306.910000 228150.000000 228150 228150
677 333.810000 228826.000000 228826 228826
678 318.010000 229503.000000 229503 229503
679 311.280000 230181.000000 230181 230181
680 310.360000 230860.000000 230860 230860
681 311.260000 231540.000000 231540 231540
682 311.720000 232221.000000 232221 232221
683 313.500000 232903.000000 232903 232903
684 316.610000 233586.000000 233586 233586
685 317.480000 234270.000000 234270 234270
686 318.340000 234955.000000 234955 234955
687 319.620000 235641.000000 235641 235641
688 322.230000 236328.000000 236328 236328
689 325.340000 237016.000000 237016 237016
690 327.310000 237705.000000 237705 237705
691 334.290000 238395.000000 238395 238395
692 334.110000 239086.000000 239086 239086
693 335.020000 239778.000000 239778 239778
694 329.050000 240471.000000 240471 240471
695 327.170000 241165.000000 241165 241165
696 326.570000 241860.000000 241860 241860
697 327.730000 242556.000000 242556 242556
698 326.500000 243253.000000 243253 243253
699 329.190000 243951.000000 243951 243951
700 330.060000 244650.000000 244650 244650
701 329.350000 245350.000000 245350 245350
702 330.590000 246051.000000 246051 246051
703 331.100000 246753.000000 246753 246753
704 331.950000 247456.000000 247456 247456
705 332.860000 248160.000000 248160 248160
706 333.620000 248865.000000 248865 248865
707 334.190000 249571.000000 249571 249571
708 335.240000 250278.000000 250278 250278
709 336.130000 250986.000000 250986 250986
710 337.740000 251695.000000 251695 251695
711 338.210000 252405.000000 252405 252405
712 338.810000 253116.000000 253116 253116
713 340.420000 253828.000000 253828 253828
714 340.740000 254541.000000 254541 254541
715 341.800000 255255.000000 255255 255255
716 342.720000 255970.000000 255970 255970
717 344.350000 256686.000000 256686 256686
718 345.470000 257403.000000 257403 257403
719 345.480000 258121.000000 258121 258121
720 346.540000 258840.000000 258840 258840
721 347.690000 259560.000000 259560 259560
722 348.590000 260281.000000 260281 260281
723 349.480000 261003.000000 261003 261003
724 350.060000 261726.000000 261726 261726
725 360.050000 262450.000000 262450 262450
726 365.590000 263175.000000 263175 263175
727 365.420000 263901.000000 263901 263901
728 357.980000 264628.000000 264628 264628
729 355.020000 265356.000000 265356 265356
730 355.560000 266085.000000 266085 266085
731 356.630000 266815.000000 266815 266815
732 357.990000 267546.000000 267546 267546
733 359.210000 268278.000000 268278 268278
734 359.560000 269011.000000 269011 269011
735 360.520000 269745.000000 269745 269745
736 361.480000 270480.000000 270480 270480
737 362.260000 271216.000000 271216 271216
738 363.570000 271953.000000 271953 271953
739 364.530000 272691.000000 272691 272691
740 366.110000 273430.000000 273430 273430
741 366.460000 274170.000000 274170 274170
742 367.230000 274911.000000 274911 274911
743 367.850000 275653.000000 275653 275653
744 368.950000 276396.000000 276396 276396
745 370.200000 277140.000000 277140 277140
746 371.960000 277885.000000 277885 277885
747 373.940000 278631.000000 278631 278631
748 376.260000 279378.000000 279378 279378
749 376.820000 280126.000000 280126 280126
750 375.320000 280875.000000 280875 280875
751 377.370000 281625.000000 281625 281625
752 376.590000 282376.000000 282376 282376
753 378.300000 283128.000000 283128 283128
754 379.490000 283881.000000 283881 283881
755 379.990000 284635.000000 284635 284635
756 380.790000 285390.000000 285390 285390
757 381.620000 286146.000000 286146 286146
758 382.600000 286903.000000 286903 286903
759 383.620000 287661.000000 287661 287661
760 384.810000 288420.000000 288420 288420
761 385.600000 289180.000000 289180 289180
762 386.580000 289941.000000 289941 289941
763 387.420000 290703.000000 290703 290703
764 388.390000 291466.000000 291466 291466
765 389.690000 292230.000000 292230 292230
766 390.960000 292995.000000 292995 292995
767 391.460000 293761.000000 293761 293761
768 393.090000 294528.000000 294528 294528
769 393.550000 295296.000000 295296 295296
770 394.680000 296065.000000 296065 296065
771 395.670000 296835.000000 296835 296835
772 396.380000 297606.000000 297606 297606
773 397.590000 298378.000000 298378 298378
774 398.770000 299151.000000 299151 299151
775 399.850000 299925.000000 299925 299925
776 400.390000 300700.000000 300700 300700
777 402.600000 301476.000000 301476 301476
778 402.340000 302253.000000 302253 302253
779 404.530000 303031.000000 303031 303031
780 404.590000 303810.000000 303810 303810
781 405.460000 304590.000000 304590 304590
782 407.130000 305371.000000 305371 305371
783 407.770000 306153.000000 306153 306153
784 408.410000 306936.000000 306936 306936
785 409.880000 307720.000000 307720 307720
786 415.490000 308505.000000 308505 308505
787 411.570000 309291.000000 309291 309291
788 412.460000 310078.000000 310078 310078
789 413.440000 310866.000000 310866 310866
790 414.700000 311655.000000 311655 311655
791 416.180000 312445.000000 312445 312445
792 416.380000 313236.000000 313236 313236
793 417.570000 314028.000000 314028 314028
794 418.710000 314821.000000 314821 314821
795 419.450000 315615.000000 315615 315615
796 422.960000 316410.000000 316410 316410
797 424.930000 317206.000000 317206 317206
798 426.890000 318003.000000 318003 318003
799 426.240000 318801.000000 318801 318801
800 427.080000 319600.000000 319600 319600
801 426.000000 320400.000000 320400 320400
802 428.290000 321201.000000 321201 321201
803 428.460000 322003.000000 322003 322003
804 429.330000 322806.000000 322806 322806
805 429.810000 323610.000000 323610 323610
806 430.900000 324415.000000 324415 324415
807 431.970000 325221.000000 325221 325221
808 433.220000 326028.000000 326028 326028
809 434.110000 326836.000000 326836 326836
810 435.280000 327645.000000 327645 327645
811 435.950000 328455.000000 328455 328455
812 437.360000 329266.000000 329266 329266
813 438.430000 330078.000000 330078 330078
814 439.890000 330891.000000 330891 330891
815 440.400000 331705.000000 331705 331705
816 441.580000 332520.000000 332520 332520
817 442.620000 333336.000000 333336 333336
818 443.870000 334153.000000 334153 334153
819 444.530000 334971.000000 334971 334971
820 446.100000 335790.000000 335790 335790
821 446.500000 336610.000000 336610 336610
822 448.350000 337431.000000 337431 337431
823 448.890000 338253.000000 338253 338253
824 450.360000 339076.000000 339076 339076
825 451.870000 339900.000000 339900 339900
826 452.760000 340725.000000 340725 340725
827 458.120000 341551.000000 341551 341551
828 457.270000 342378.000000 342378 342378
829 458.090000 343206.000000 343206 343206
830 461.880000 344035.000000 344035 344035
831 466.390000 344865.000000 344865 344865
832 466.790000 345696.000000 345696 345696
833 467.620000 346528.000000 346528 346528
834 469.580000 347361.000000 347361 347361
835 469.910000 348195.000000 348195 348195
836 471.840000 349030.000000 349030 349030
837 473.540000 349866.000000 349866 349866
838 472.800000 350703.000000 350703 350703
839 472.880000 351541.000000 351541 351541
840 473.180000 352380.000000 352380 352380
841 477.200000 353220.000000 353220 353220
842 476.900000 354061.000000 354061 354061
843 477.930000 354903.000000 354903 354903
844 480.790000 355746.000000 355746 355746
845 480.370000 356590.000000 356590 356590
846 482.080000 357435.000000 357435 357435
847 479.730000 358281.000000 358281 358281
848 479.560000 359128.000000 359128 359128
849 480.830000 359976.000000 359976 359976
850 482.800000 360825.000000 360825 360825
851 483.590000 361675.000000 361675 361675
852 484.310000 362526.000000 362526 362526
853 485.380000 363378.000000 363378 363378
854 486.760000 364231.000000 364231 364231
855 487.770000 365085.000000 365085 365085
856 489.280000 365940.000000 365940 365940
857 489.000000 366796.000000 366796 366796
858 491.090000 367653.000000 367653 367653
859 492.900000 368511.000000 368511 368511
860 493.960000 369370.000000 369370 369370
861 493.640000 370230.000000 370230 370230
862 494.560000 371091.000000 371091 371091
863 496.760000 371953.000000 371953 371953
864 498.700000 372816.000000 372816 372816
865 502.260000 373680.000000 373680 373680
866 517.060000 374545.000000 374545 374545
867 506.670000 375411.000000 375411 375411
868 507.730000 376278.000000 376278 376278
869 507.860000 377146.000000 377146 377146
870 513.400000 378015.000000 378015 378015
871 510.690000 378885.000000 378885 378885
872 509.160000 379756.000000 379756 379756
873 511.080000 380628.000000 380628 380628
874 517.830000 381501.000000 381501 381501
875 517.350000 382375.000000 382375 382375
876 512.950000 383250.000000 383250 383250
877 512.650000 384126.000000 384126 384126
878 513.330000 385003.000000 385003 385003
879 513.700000 385881.000000 385881 385881
880 516.370000 386760.000000 386760 386760
881 519.340000 387640.000000 387640 387640
882 523.100000 388521.000000 388521 388521
883 522.360000 389403.000000 389403 389403
884 524.110000 390286.000000 390286 390286
885 527.070000 391170.000000 391170 391170
886 526.780000 392055.000000 392055 392055
887 525.400000 392941.000000 392941 392941
888 526.910000 393828.000000 393828 393828
889 527.790000 394716.000000 394716 394716
890 529.590000 395605.000000 395605 395605
891 530.420000 396495.000000 396495 396495
892 538.730000 397386.000000 397386 397386
893 539.700000 398278.000000 398278 398278
894 536.360000 399171.000000 399171 399171
895 532.990000 400065.000000 400065 400065
896 536.420000 400960.000000 400960 400960
897 535.630000 401856.000000 401856 401856
898 537.110000 402753.000000 402753 402753
899 537.970000 403651.000000 403651 403651
900 539.780000 404550.000000 404550 404550
901 537.950000 405450.000000 405450 405450
902 541.710000 406351.000000 406351 406351
903 545.470000 407253.000000 407253 407253
904 547.950000 408156.000000 408156 408156
905 548.500000 409060.000000 409060 409060
906 549.680000 409965.000000 409965 409965
907 548.410000 410871.000000 410871 410871
908 548.910000 411778.000000 411778 411778
909 552.240000 412686.000000 412686 412686
910 552.030000 413595.000000 413595 413595
911 553.630000 414505.000000 414505 414505
912 552.750000 415416.000000 415416 415416
913 555.090000 416328.000000 416328 416328
914 554.880000 417241.000000 417241 417241
915 558.810000 418155.000000 418155 418155
916 556.970000 419070.000000 419070 419070
917 560.860000 419986.000000 419986 419986
918 561.340000 420903.000000 420903 420903
919 561.490000 421821.000000 421821 421821
920 562.510000 422740.000000 422740 422740
921 563.790000 423660.000000 423660 423660
922 568.420000 424581.000000 424581 424581
923 569.330000 425503.000000 425503 425503
924 570.490000 426426.000000 426426 426426
925 571.920000 427350.000000 427350 427350
926 573.780000 428275.000000 428275 428275
927 572.090000 429201.000000 429201 429201
928 574.270000 430128.000000 430128 430128
929 579.260000 431056.000000 431056 431056
930 579.280000 431985.000000 431985 431985
931 577.400000 432915.000000 432915 432915
932 579.630000 433846.000000 433846 433846
933 578.070000 434778.000000 434778 434778
934 576.070000 435711.000000 435711 435711
935 575.850000 436645.000000 436645 436645
936 576.610000 437580.000000 437580 437580
937 578.880000 438516.000000 438516 438516
938 580.110000 439453.000000 439453 439453
939 581.020000 440391.000000 440391 440391
940 587.820000 441330.000000 441330 441330
941 589.100000 442270.000000 442270 442270
942 594.180000 443211.000000 443211 443211
943 596.320000 444153.000000 444153 444153
944 594.480000 445096.000000 445096 445096
945 599.960000 446040.000000 446040 446040
946 597.840000 446985.000000 446985 446985
947 594.650000 447931.000000 447931 447931
948 594.310000 448878.000000 448878 448878
949 597.300000 449826.000000 449826 449826
950 597.320000 450775.000000 450775 450775
951 599.670000 451725.000000 451725 451725
952 605.960000 452676.000000 452676 452676
953 605.900000 453628.000000 453628 453628
954 608.980000 454581.000000 454581 454581
955 623.490000 455535.000000 455535 455535
956 618.690000 456490.000000 456490 456490
957 620.840000 457446.000000 457446 457446
958 612.150000 458403.000000 458403 458403
959 611.550000 459361.000000 459361 459361
960 612.130000 460320.000000 460320 460320
961 628.510000 461280.000000 461280 461280
962 629.050000 462241.000000 462241 462241
963 640.730000 463203.000000 463203 463203
964 630.920000 464166.000000 464166 464166
965 625.950000 465130.000000 465130 465130
966 625.510000 466095.000000 466095 466095
967 633.230000 467061.000000 467061 467061
968 635.010000 468028.000000 468028 468028
969 627.560000 468996.000000 468996 468996
970 630.930000 469965.000000 469965 469965
971 636.140000 470935.000000 470935 470935
972 643.830000 471906.000000 471906 471906
973 642.930000 472878.000000 472878 472878
974 635.710000 473851.000000 473851 473851
975 629.050000 474825.000000 474825 474825
976 634.720000 475800.000000 475800 475800
977 635.850000 476776.000000 476776 476776
978 643.020000 477753.000000 477753 477753
979 644.650000 478731.000000 478731 478731
980 644.430000 479710.000000 479710 479710
981 647.140000 480690.000000 480690 480690
982 650.090000 481671.000000 481671 481671
983 647.930000 482653.000000 482653 482653
984 643.170000 483636.000000 483636 483636
985 637.540000 484620.000000 484620 484620
986 638.560000 485605.000000 485605 485605
987 647.660000 486591.000000 486591 486591
988 647.360000 487578.000000 487578 487578
989 649.470000 488566.000000 488566 488566
990 654.790000 489555.000000 489555 489555
991 657.470000 490545.000000 490545 490545
992 657.520000 491536.000000 491536 491536
993 659.000000 492528.000000 492528 492528
994 657.100000 493521.000000 493521 493521
995 659.640000 494515.000000 494515 494515
996 664.630000 495510.000000 495510 495510
997 663.930000 496506.000000 496506 496506
998 658.510000 497503.000000 497503 497503
999 654.670000 498501.000000 498501 498501
1000 656.430000 499500.000000 499500 499500
