0 20489487
200000 20489292
400000 20488324
600000 20489242
800000 20489206
1000000 20490091
1200000 20488132
1400000 20489063
1600000 20489361
1800000 20488589
2000000 20488161
2200000 20489175
2400000 20489635
2600000 20490115
2800000 20489368
3000000 20489477
3200000 20488949
3400000 20489019
3600000 20488863
3800000 20488689
4000000 20489916
4200000 20490170
4400000 20488941
4600000 20489021
4800000 20488146
5000000 20488916
5200000 20488654
5400000 20488103
5600000 20488976
5800000 20489103
6000000 20488428
6200000 20489571
6400000 20488790
6600000 20487994
6800000 20489232
7000000 20488420
7200000 20488664
7400000 20489955
7600000 20490369
7800000 20488237
8000000 20490233
8200000 20489659
8400000 20488397
8600000 20489286
8800000 20488285
9000000 20489093
9200000 20489647
9400000 20489077
9600000 20489317
9800000 20488790
10000000 20489912
10200000 20489153
10400000 20489668
10600000 20489849
10800000 20488339
11000000 20489627
11200000 20488345
11400000 20489321
11600000 20489837
11800000 20488420
12000000 20488575
12200000 20489278
12400000 20490063
12600000 20489156
12800000 20489470
13000000 20488974
13200000 20489051
13400000 20488802
13600000 20488708
13800000 20488523
14000000 20489093
14200000 20489991
14400000 20488526
14600000 20489199
14800000 20489056
15000000 20490588
15200000 20487900
15400000 20488487
15600000 20487667
15800000 20490027
16000000 20487568
16200000 20488478
16400000 20489764
16600000 20488620
16800000 20488903
17000000 20489523
17200000 20487821
17400000 20489473
17600000 20489079
17800000 20489424
18000000 20489070
18200000 20488209
18400000 20489361
18600000 20489848
18800000 20489676
19000000 20490301
19200000 20487978
19400000 20490310
19600000 20488419
19800000 20488567
20000000 20488560
20200000 20488991
20400000 20490619
20600000 20489223
20800000 20490090
21000000 20488814
21200000 20488602
21400000 20488806
21600000 20489113
21800000 20488934
22000000 20489165
22200000 20490469
22400000 20489446
22600000 20488237
22800000 20488517
23000000 20488984
23200000 20489456
23400000 20487375
23600000 20488882
23800000 20488878
24000000 20491052
24200000 20489660
24400000 20489624
24600000 20489973
24800000 20489435
25000000 20488631
25200000 20489872
25400000 20489399
25600000 20489344
25800000 20487893
26000000 20489149
26200000 20488949
26400000 20490432
26600000 20489115
26800000 20489768
27000000 20488655
27200000 20488921
27400000 20489964
27600000 20489372
27800000 20490023
28000000 20487989
28200000 20490546
28400000 20490132
28600000 20489087
28800000 20487962
29000000 20488478
29200000 20489930
29400000 20488850
29600000 20488571
29800000 20489446
30000000 20488433
30200000 20488288
30400000 20489829
30600000 20490372
30800000 20489683
31000000 20487970
31200000 20489283
31400000 20488142
31600000 20490105
31800000 20487600
32000000 20488428
32200000 20490423
32400000 20489108
32600000 20489666
32800000 20488556
33000000 20488431
33200000 20489200
33400000 20490028
33600000 20490409
33800000 20488230
34000000 20488408
34200000 20490027
34400000 20488654
34600000 20490277
34800000 20489845
35000000 20489506
35200000 20488788
35400000 20489372
35600000 20489656
35800000 20489514
36000000 20489693
36200000 20489079
36400000 20488372
36600000 20488894
36800000 20489605
37000000 20488604
37200000 20488984
37400000 20488295
37600000 20489971
37800000 20489301
38000000 20488032
38200000 20488611
38400000 20487902
38600000 20489744
38800000 20488918
39000000 20489090
39200000 20489836
39400000 20488584
39600000 20488263
39800000 20489968
40000000 20490003
40200000 20489957
40400000 20488711
40600000 20489389
40800000 20487690
41000000 20488100
41200000 20489447
41400000 20488961
41600000 20489324
41800000 20488190
42000000 20489313
42200000 20488780
42400000 20489665
42600000 20490070
42800000 20488508
43000000 20488853
43200000 20489191
43400000 20488698
43600000 20489525
43800000 20488789
44000000 20489306
44200000 20489750
44400000 20488925
44600000 20488875
44800000 20489147
45000000 20489046
45200000 20489054
45400000 20490552
45600000 20488908
45800000 20490504
46000000 20490309
46200000 20488829
46400000 20489635
46600000 20490020
46800000 20488220
47000000 20490168
47200000 20488576
47400000 20489661
47600000 20489335
47800000 20489522
48000000 20487176
48200000 20488840
48400000 20488940
48600000 20488712
48800000 20488590
49000000 20488849
49200000 20488523
49400000 20488490
49600000 20488556
49800000 20489062
50000000 20489172
50200000 20489455
50400000 20489134
50600000 20488760
50800000 20489414
51000000 20489183
51200000 20487292
51400000 20488597
51600000 20488567
51800000 20488542
52000000 20488291
52200000 20490010
52400000 20489452
52600000 20488634
52800000 20489325
53000000 20488318
53200000 20489158
53400000 20489462
53600000 20488628
53800000 20489132
54000000 20489665
54200000 20490208
54400000 20489219
54600000 20489221
54800000 20488574
55000000 20488443
55200000 20488984
55400000 20488980
55600000 20488988
55800000 20489555
56000000 20489598
56200000 20488727
56400000 20489096
56600000 20487523
56800000 20487752
57000000 20488992
57200000 20489477
57400000 20488799
57600000 20488351
57800000 20489184
58000000 20489965
58200000 20489580
58400000 20488165
58600000 20490386
58800000 20489417
59000000 20489014
59200000 20489488
59400000 20489360
59600000 20489926
59800000 20489832
60000000 20489836
60200000 20490105
60400000 20489997
60600000 20489205
60800000 20488154
61000000 20489745
61200000 20488195
61400000 20490726
61600000 20488748
61800000 20488015
62000000 20489958
62200000 20489910
62400000 20488442
62600000 20489260
62800000 20488286
63000000 20489621
63200000 20489678
63400000 20489097
63600000 20489533
63800000 20487915
64000000 20489389
64200000 20489419
64400000 20488026
64600000 20490078
64800000 20488755
65000000 20489456
65200000 20488691
65400000 20490376
65600000 20487978
65800000 20488637
66000000 20489528
66200000 20489457
66400000 20489838
66600000 20488116
66800000 20489036
67000000 20489739
67200000 20488083
67400000 20489274
67600000 20489113
67800000 20490065
68000000 20489148
68200000 20488649
68400000 20488924
68600000 20488666
68800000 20489155
69000000 20489393
69200000 20490706
69400000 20488991
69600000 20489252
69800000 20489812
70000000 20489104
70200000 20489029
70400000 20490670
70600000 20488219
70800000 20490414
71000000 20488089
71200000 20488320
71400000 20489011
71600000 20488806
71800000 20489273
72000000 20489995
72200000 20488999
72400000 20490083
72600000 20489524
72800000 20488819
73000000 20489755
73200000 20487851
73400000 20488467
73600000 20488976
73800000 20488712
74000000 20490210
74200000 20489289
74400000 20488969
74600000 20488910
74800000 20490044
75000000 20489489
75200000 20488807
75400000 20488896
75600000 20489459
75800000 20488916
76000000 20490257
76200000 20490460
76400000 20488702
76600000 20489775
76800000 20489765
77000000 20488760
77200000 20488956
77400000 20489633
77600000 20488615
77800000 20489280
78000000 20488969
78200000 20487551
78400000 20489720
78600000 20488914
78800000 20490094
79000000 20489911
79200000 20489454
79400000 20489823
79600000 20488246
79800000 20488543
80000000 20489251
80200000 20490041
80400000 20487480
80600000 20489789
80800000 20488957
81000000 20489899
81200000 20487977
81400000 20489276
81600000 20489575
81800000 20489033
82000000 20488289
82200000 20488908
82400000 20487640
82600000 20489027
82800000 20489633
83000000 20489018
83200000 20489859
83400000 20487956
83600000 20490284
83800000 20489334
84000000 20490729
84200000 20489667
84400000 20489355
84600000 20489046
84800000 20489287
85000000 20489287
85200000 20487350
85400000 20489190
85600000 20489067
85800000 20488745
86000000 20489562
86200000 20490644
86400000 20489501
86600000 20490251
86800000 20488484
87000000 20488051
87200000 20490060
87400000 20487563
87600000 20488893
87800000 20488964
88000000 20489289
88200000 20488928
88400000 20488370
88600000 20489061
88800000 20489455
89000000 20488530
89200000 20490067
89400000 20489027
89600000 20489764
89800000 20487868
90000000 20489376
90200000 20488440
90400000 20488931
90600000 20489813
90800000 20489051
91000000 20489394
91200000 20488517
91400000 20488416
91600000 20489842
91800000 20488841
92000000 20488806
92200000 20489025
92400000 20489033
92600000 20489278
92800000 20488292
93000000 20488119
93200000 20488489
93400000 20489686
93600000 20489279
93800000 20488925
94000000 20488719
94200000 20489279
94400000 20489258
94600000 20489394
94800000 20488301
95000000 20487797
95200000 20489704
95400000 20489681
95600000 20488614
95800000 20488157
96000000 20489017
96200000 20489977
96400000 20489226
96600000 20488145
96800000 20489673
97000000 20488978
97200000 20487888
97400000 20488164
97600000 20489739
97800000 20489808
98000000 20490251
98200000 20489763
98400000 20489770
98600000 20489505
98800000 20489972
99000000 20488992
99200000 20490301
99400000 20490084
99600000 20490021
99800000 20488450
100000000 20489102
100200000 20488727
100400000 20488498
100600000 20488944
100800000 20487457
101000000 20489101
101200000 20489231
101400000 20487733
101600000 20488368
101800000 20488113
102000000 20488804
102200000 20488758
102400000 20489102
102600000 20488980
102800000 20488209
103000000 20489491
103200000 20489344
103400000 20488912
103600000 20488855
103800000 20489284
104000000 20488774
104200000 20488760
104400000 20490352
104600000 20488628
104800000 20487198
105000000 20489007
105200000 20490156
105400000 20488054
105600000 20489268
105800000 20488203
106000000 20489390
106200000 20488451
106400000 20489297
106600000 20489818
106800000 20487705
107000000 20488586
107200000 20489247
107400000 20488320
107600000 20487999
107800000 20490403
108000000 20490384
108200000 20488501
108400000 20488960
108600000 20489083
108800000 20488660
109000000 20490555
109200000 20489075
109400000 20490130
109600000 20487476
109800000 20489000
110000000 20489695
110200000 20488528
110400000 20489334
110600000 20489672
110800000 20490593
111000000 20488468
111200000 20489039
111400000 20488622
111600000 20488743
111800000 20488734
112000000 20489821
112200000 20488569
112400000 20488821
112600000 20487965
112800000 20488912
113000000 20488353
113200000 20487970
113400000 20489803
113600000 20489112
113800000 20487985
114000000 20487229
114200000 20489928
114400000 20489842
114600000 20489885
114800000 20488526
115000000 20489105
115200000 20489181
115400000 20490422
115600000 20488838
115800000 20488385
116000000 20489349
116200000 20489635
116400000 20490181
116600000 20489344
116800000 20488248
117000000 20488694
117200000 20489465
117400000 20489175
117600000 20489703
117800000 20488130
118000000 20488006
118200000 20489178
118400000 20489755
118600000 20488205
118800000 20488275
119000000 20489582
119200000 20488912
119400000 20488885
119600000 20488575
119800000 20488495
120000000 20489428
120200000 20489470
120400000 20488282
120600000 20489048
120800000 20488184
121000000 20487830
121200000 20488919
121400000 20488833
121600000 20489368
121800000 20488668
122000000 20488956
122200000 20488908
122400000 20489241
122600000 20488416
122800000 20489041
123000000 20488845
123200000 20488423
123400000 20487871
123600000 20489570
123800000 20489660
124000000 20488808
124200000 20488598
124400000 20489600
124600000 20490469
124800000 20489530
125000000 20488023
125200000 20488435
125400000 20488896
125600000 20488927
125800000 20489450
126000000 20488513
126200000 20489266
126400000 20488569
126600000 20488655
126800000 20487259
127000000 20488632
127200000 20489896
127400000 20490428
127600000 20489464
127800000 20488591
128000000 20489385
128200000 20489849
128400000 20488732
128600000 20489157
128800000 20489292
129000000 20488370
129200000 20489062
129400000 20488572
129600000 20489797
129800000 20489218
130000000 20490331
130200000 20489464
130400000 20488752
130600000 20489989
130800000 20489377
131000000 20488982
131200000 20489530
131400000 20489391
131600000 20489491
131800000 20491080
132000000 20487610
132200000 20489352
132400000 20487616
132600000 20487936
132800000 20489644
133000000 20488646
133200000 20490537
133400000 20490448
133600000 20489952
133800000 20488967
134000000 20489133
134200000 20488885
134400000 20489242
134600000 20489779
134800000 20487791
135000000 20488996
135200000 20489950
135400000 20488526
135600000 20488673
135800000 20489119
136000000 20488291
136200000 20488275
136400000 20490155
136600000 20489286
136800000 20488954
137000000 20488345
137200000 20490095
137400000 20489062
137600000 20489298
137800000 20488006
138000000 20489664
138200000 20488200
138400000 20489228
138600000 20488148
138800000 20488617
139000000 20489394
139200000 20487867
139400000 20488186
139600000 20489191
139800000 20488614
140000000 20488890
140200000 20490371
140400000 20489333
140600000 20489999
140800000 20489165
141000000 20488758
141200000 20489224
141400000 20488861
141600000 20490168
141800000 20490089
142000000 20488365
142200000 20489422
142400000 20490203
142600000 20488987
142800000 20488700
143000000 20488640
143200000 20489231
143400000 20489025
143600000 20490109
143800000 20488363
144000000 20488765
144200000 20489370
144400000 20488660
144600000 20488261
144800000 20489542
145000000 20490270
145200000 20489126
145400000 20489150
145600000 20488277
145800000 20489276
146000000 20490251
146200000 20488941
146400000 20489344
146600000 20488783
146800000 20489432
147000000 20489437
147200000 20489336
147400000 19404777
147600000 18626267
147800000 18626541
148000000 18626548
148200000 18626416
148400000 18625678
148600000 18627199
148800000 18626304
149000000 18627231
149200000 18626229
149400000 18626217
149600000 18627137
149800000 18627133
150000000 18627469
150200000 18626462
150400000 18627089
150600000 18626571
150800000 18627112
151000000 18626593
151200000 18626298
151400000 18628186
151600000 18625997
151800000 18626308
152000000 18626044
152200000 18625484
152400000 18626310
152600000 18627754
152800000 18626843
153000000 18625733
153200000 18627334
153400000 18626175
153600000 18627412
153800000 18626404
154000000 18625563
154200000 18626436
154400000 18626070
154600000 18625342
154800000 18625527
155000000 18626426
155200000 18626660
155400000 18625311
155600000 18625375
155800000 18627089
156000000 18627025
156200000 18627398
156400000 18626284
156600000 18626594
156800000 18626579
157000000 18625794
157200000 18625277
157400000 18626730
157600000 18625430
157800000 18625058
158000000 18626617
158200000 18625725
158400000 18626571
158600000 18626154
158800000 18625416
159000000 18627121
159200000 18627014
159400000 18627070
159600000 18626177
159800000 18626706
160000000 18626074
160200000 18625318
160400000 18626874
160600000 18625912
160800000 18626205
161000000 18626332
161200000 18627199
161400000 18625561
161600000 18626996
161800000 18625667
162000000 18626169
162200000 18627441
162400000 18625433
162600000 18626533
162800000 18626124
163000000 18625503
163200000 18625899
163400000 18626409
163600000 18626765
163800000 18626289
164000000 18626573
164200000 18626393
164400000 18626695
164600000 18626139
164800000 18626612
165000000 18626460
165200000 18627219
165400000 18627301
165600000 18626905
165800000 18626943
166000000 18626456
166200000 18626946
166400000 18625300
166600000 18626395
166800000 18626094
167000000 18626074
167200000 18626915
167400000 18625552
167600000 18626688
167800000 18626470
168000000 18626490
168200000 18625653
168400000 18626189
168600000 18626155
168800000 18626250
169000000 18625982
169200000 18625894
169400000 18626633
169600000 18627266
169800000 18625402
170000000 18625858
170200000 18627411
170400000 18626684
170600000 18626306
170800000 18626578
171000000 18625861
171200000 18626785
171400000 18626788
171600000 18626687
171800000 18628395
172000000 18626112
172200000 18626032
172400000 18626581
172600000 18625249
172800000 18626596
173000000 18626005
173200000 18626667
173400000 18627035
173600000 18625973
173800000 18626825
174000000 18627109
174200000 18626353
174400000 18625624
174600000 18627647
174800000 18626362
175000000 18626219
175200000 18627259
175400000 18625466
175600000 18625849
175800000 18625661
176000000 18626193
176200000 18627659
176400000 18626829
176600000 18627200
176800000 18626914
177000000 18626943
177200000 18626630
177400000 18628410
177600000 18626004
177800000 18627075
178000000 18626702
178200000 18626948
178400000 18626888
178600000 18626718
178800000 18626329
179000000 18626152
179200000 18626687
179400000 18626484
179600000 18627039
179800000 18625886
180000000 18627390
180200000 18626816
180400000 18626499
180600000 18627139
180800000 18625523
181000000 18625077
181200000 18626173
181400000 18626081
181600000 18626336
181800000 18626829
182000000 18626488
182200000 18626414
182400000 18625936
182600000 18626339
182800000 18626960
183000000 18626788
183200000 18625973
183400000 18625786
183600000 18625193
183800000 18626230
184000000 18626595
184200000 18626695
184400000 18626392
184600000 18626799
184800000 18627351
185000000 18626943
185200000 18626342
185400000 18627514
185600000 18625951
185800000 18626105
186000000 18626661
186200000 18626155
186400000 18626340
186600000 18626833
186800000 18626380
187000000 18627235
187200000 18626829
187400000 18625919
187600000 18626224
187800000 18626738
188000000 18627013
188200000 18625361
188400000 18627593
188600000 18625879
188800000 18626837
189000000 18626042
189200000 18627411
189400000 18627009
189600000 18627794
189800000 18626709
190000000 18626401
190200000 18627218
190400000 18627022
190600000 18625990
190800000 18625516
191000000 18625908
191200000 18626396
191400000 18626432
191600000 18626387
191800000 18626971
192000000 18626203
192200000 18627356
192400000 18625912
192600000 18626639
192800000 18626589
193000000 18626616
193200000 18626462
193400000 18626975
193600000 18627322
193800000 18626432
194000000 18625462
194200000 18625815
194400000 18626218
194600000 18625749
194800000 18626336
195000000 18626076
195200000 18627068
195400000 18627103
195600000 18626365
195800000 18626202
196000000 18625387
196200000 18626445
196400000 18626626
196600000 18626340
196800000 18626049
197000000 18626160
197200000 18626677
197400000 18626503
197600000 18625957
197800000 18626484
198000000 18626272
198200000 18625950
198400000 18627015
198600000 18626362
198800000 18625932
199000000 18626249
199200000 18626689
199400000 18625932
199600000 18627903
199800000 18625692
