1 9.000000 0.000000 0 0
1001 2604.000000 500500.000000 500500 500500
2001 7982.000000 2001000.000000 2001000 2001000
3001 12899.000000 4501500.000000 4501500 4501500
4001 15902.000000 8002000.000000 8002000 8002000
5001 20785.000000 12502500.000000 12502500 12502500
6001 25261.000000 18003000.000000 18003000 18003000
7001 30962.000000 24503500.000000 24503500 24503500
8001 40102.000000 32004000.000000 32004000 32004000
9001 50975.000000 40504500.000000 40504500 40504500
10001 63042.000000 50005000.000000 50005000 50005000
11001 76930.000000 60505500.000000 60505500 60505500
12001 91808.000000 72006000.000000 72006000 72006000
13001 106881.000000 84506500.000000 84506500 84506500
14001 125838.000000 98007000.000000 98007000 98007000
15001 142023.000000 112507500.000000 112507500 112507500
16001 162096.000000 128008000.000000 128008000 128008000
17001 183499.000000 144508500.000000 144508500 144508500
18001 202690.000000 162009000.000000 162009000 162009000
19001 225055.000000 180509500.000000 180509500 180509500
20001 249213.000000 200010000.000000 200010000 200010000
21001 274760.000000 220510500.000000 220510500 220510500
22001 301409.000000 242011000.000000 242011000 242011000
23001 330467.000000 264511500.000000 264511500 264511500
24001 359121.000000 288012000.000000 288012000 288012000
25001 388916.000000 312512500.000000 312512500 312512500
26001 421747.000000 338013000.000000 338013000 338013000
27001 453802.000000 364513500.000000 364513500 364513500
28001 489301.000000 392014000.000000 392014000 392014000
29001 523529.000000 420514500.000000 420514500 420514500
30001 562306.000000 450015000.000000 450015000 450015000
31001 607693.000000 480515500.000000 480515500 480515500
32001 651588.000000 512016000.000000 512016000 512016000
33001 697937.000000 544516500.000000 544516500 544516500
34001 726244.000000 578017000.000000 578017000 578017000
35001 771616.000000 612517500.000000 612517500 612517500
36001 813272.000000 648018000.000000 648018000 648018000
37001 854513.000000 684518500.000000 684518500 684518500
38001 909626.000000 722019000.000000 722019000 722019000
39001 959593.000000 760519500.000000 760519500 760519500
40001 1003404.000000 800020000.000000 800020000 800020000
41001 1055274.000000 840520500.000000 840520500 840520500
42001 1106420.000000 882021000.000000 882021000 882021000
43001 1165204.000000 924521500.000000 924521500 924521500
44001 1204585.000000 968022000.000000 968022000 968022000
45001 1260869.000000 1012522500.000000 1012522500 1012522500
46001 1317243.000000 1058023000.000000 1058023000 1058023000
47001 1374285.000000 1104523500.000000 1104523500 1104523500
48001 1435033.000000 1152024000.000000 1152024000 1152024000
49001 1496192.000000 1200524500.000000 1200524500 1200524500
50001 1556183.000000 1250025000.000000 1250025000 1250025000
51001 1617576.000000 1300525500.000000 1300525500 1300525500
52001 1682774.000000 1352026000.000000 1352026000 1352026000
53001 1748195.000000 1404526500.000000 1404526500 1404526500
54001 1814454.000000 1458027000.000000 1458027000 1458027000
55001 1882149.000000 1512527500.000000 1512527500 1512527500
56001 1952184.000000 1568028000.000000 1568028000 1568028000
57001 2023027.000000 1624528500.000000 1624528500 1624528500
58001 2114811.000000 1682029000.000000 1682029000 1682029000
59001 2173853.000000 1740529500.000000 1740529500 1740529500
60001 2239341.000000 1800030000.000000 1800030000 1800030000
61001 2315697.000000 1860530500.000000 1860530500 1860530500
62001 2426197.000000 1922031000.000000 1922031000 1922031000
63001 2508127.000000 1984531500.000000 1984531500 1984531500
64001 2549858.000000 2048032000.000000 2048032000 2048032000
65001 2635448.000000 2112532500.000000 2112532500 2112532500
