0 20499273
200000 20487813
400000 20497789
600000 20486814
800000 20483334
1000000 20490742
1200000 20488253
1400000 20482846
1600000 20490180
1800000 20495570
2000000 20492371
2200000 20487443
2400000 20493390
2600000 20484149
2800000 20488267
3000000 20483351
3200000 20485907
3400000 20499037
3600000 20490603
3800000 20488406
4000000 20493006
4200000 20482140
4400000 20491603
4600000 20487081
4800000 20491818
5000000 20486919
5200000 20485062
5400000 20487447
5600000 20484912
5800000 20482611
6000000 20487371
6200000 20486757
6400000 20496425
6600000 20491007
6800000 20484617
7000000 20480145
7200000 20490560
7400000 20489856
7600000 20489956
7800000 20494876
8000000 20485252
8200000 20488689
8400000 20488576
8600000 20483003
8800000 20486296
9000000 20494884
9200000 20491475
9400000 20490707
9600000 20491796
9800000 20480044
10000000 20491999
10200000 20488199
10400000 20482064
10600000 20493735
10800000 20481315
11000000 20488459
11200000 20482690
11400000 20489271
11600000 20485178
11800000 20489943
12000000 20494403
12200000 20485135
12400000 20492304
12600000 20491267
12800000 20492211
13000000 20491804
13200000 20497130
13400000 20486963
13600000 20490041
13800000 20486167
14000000 20490248
14200000 20497167
14400000 20487030
14600000 20486121
14800000 20484380
15000000 20491325
15200000 20485271
15400000 20492111
15600000 20492208
15800000 20491943
16000000 20493809
16200000 20481963
16400000 20497511
16600000 20483609
16800000 20484732
17000000 20494122
17200000 20498091
17400000 20494816
17600000 20489377
17800000 20490428
18000000 20488378
18200000 20485055
18400000 20491330
18600000 20492339
18800000 20486634
19000000 20480847
19200000 20489884
19400000 20485049
19600000 20484992
19800000 20488208
20000000 20478923
20200000 20487745
20400000 20485697
20600000 20487091
20800000 20483167
21000000 20481157
21200000 20493693
21400000 20494331
21600000 20493925
21800000 20493441
22000000 20491770
22200000 20478492
22400000 20488150
22600000 20487644
22800000 20488315
23000000 20491915
23200000 20490215
23400000 20487158
23600000 20480449
23800000 20486519
24000000 20486747
24200000 20492398
24400000 20496656
24600000 20495183
24800000 20491030
25000000 20485019
25200000 20491056
25400000 20484084
25600000 20495993
25800000 20481921
26000000 20494745
26200000 20495279
26400000 20491369
26600000 20489806
26800000 20495470
27000000 20490291
27200000 20487009
27400000 20491311
27600000 20483840
27800000 20485658
28000000 20483329
28200000 20491985
28400000 20489131
28600000 20493664
28800000 20491143
29000000 20495819
29200000 20489465
29400000 20484771
29600000 20490470
29800000 20497890
30000000 20487890
30200000 20487605
30400000 20497662
30600000 20500837
30800000 20492015
31000000 20491353
31200000 20483820
31400000 20485028
31600000 20487583
31800000 20491474
32000000 20484755
32200000 20480084
32400000 20484611
32600000 20482416
32800000 20488157
33000000 20487915
33200000 20487865
33400000 20496291
33600000 20487815
33800000 20493567
34000000 20485938
34200000 20484660
34400000 20483787
34600000 20490738
34800000 20494854
35000000 20490377
35200000 20492618
35400000 20483676
35600000 20489834
35800000 20491606
36000000 20494786
36200000 20493245
36400000 20487683
36600000 20483418
36800000 20488917
37000000 20487856
37200000 20485823
37400000 20488340
37600000 20495335
37800000 20498338
38000000 20489179
38200000 20491543
38400000 20492825
38600000 20488745
38800000 20486579
39000000 20494405
39200000 20493568
39400000 20488830
39600000 20493422
39800000 20491357
40000000 20499334
40200000 20492321
40400000 20489597
40600000 20492953
40800000 20492487
41000000 20482438
41200000 20489209
41400000 20478120
41600000 20491095
41800000 20496956
42000000 20488754
42200000 20491427
42400000 20487003
42600000 20487083
42800000 20494320
43000000 20492554
43200000 20486798
43400000 20490431
43600000 20492514
43800000 20490785
44000000 20478517
44200000 20496845
44400000 20488637
44600000 20488910
44800000 20486098
45000000 20488297
45200000 20486624
45400000 20485962
45600000 20486833
45800000 20494917
46000000 20487402
46200000 20478402
46400000 20483621
46600000 20490573
46800000 20493840
47000000 20490179
47200000 20483878
47400000 20491074
47600000 20482164
47800000 20490760
48000000 20485323
48200000 20487904
48400000 20493358
48600000 20485410
48800000 20490253
49000000 20490970
49200000 20487010
49400000 20481450
49600000 20487393
49800000 20487649
50000000 20486934
50200000 20494567
50400000 20487462
50600000 20494411
50800000 20483886
51000000 20485918
51200000 20486764
51400000 20487913
51600000 20486820
51800000 20485798
52000000 20484427
52200000 20489324
52400000 20490677
52600000 20490915
52800000 20492583
53000000 20491023
53200000 20483195
53400000 20480692
53600000 20491315
53800000 20488508
54000000 20489107
54200000 20490698
54400000 20495918
54600000 20491489
54800000 20492232
55000000 20486087
55200000 20488140
55400000 20489852
55600000 20490060
55800000 20484452
56000000 20491520
56200000 20490118
56400000 20474920
56600000 20486777
56800000 20496166
57000000 20486086
57200000 20482982
57400000 20494217
57600000 20493246
57800000 20489531
58000000 20490867
58200000 20489316
58400000 20490969
58600000 20492853
58800000 20489886
59000000 20477688
59200000 20486759
59400000 20493355
59600000 20495191
59800000 20493857
60000000 20493474
60200000 20493174
60400000 20486004
60600000 20484914
60800000 20490286
61000000 20490797
61200000 20484236
61400000 20488727
61600000 20495253
61800000 20496086
62000000 20494137
62200000 20482292
62400000 20489518
62600000 20493439
62800000 20489055
63000000 20484373
63200000 20488516
63400000 20488722
63600000 20489988
63800000 20495852
64000000 20483546
64200000 20488349
64400000 20490070
64600000 20487527
64800000 20490368
65000000 20495137
65200000 20493883
65400000 20498813
65600000 20491251
65800000 20494194
66000000 20499272
66200000 20494145
66400000 20479997
66600000 20491843
66800000 20485108
67000000 20490653
67200000 20490098
67400000 20480650
67600000 20490411
67800000 20494815
68000000 20488468
68200000 20490249
68400000 20495755
68600000 20499822
68800000 20487207
69000000 20488764
69200000 20486287
69400000 20489526
69600000 20489778
69800000 20487093
70000000 20482105
70200000 20484642
70400000 20493188
70600000 20489613
70800000 20486235
71000000 20483610
71200000 20487354
71400000 20497480
71600000 20491116
71800000 20486944
72000000 20487762
72200000 20491610
72400000 20487470
72600000 20482058
72800000 20484266
73000000 20485814
73200000 20490736
73400000 20489742
73600000 20486218
73800000 20488354
74000000 20486667
74200000 20482078
74400000 20497997
74600000 20498451
74800000 20497827
75000000 20488739
75200000 20485733
75400000 20490736
75600000 20487444
75800000 20489063
76000000 20493408
76200000 20484400
76400000 20484938
76600000 20488050
76800000 20489993
77000000 20485626
77200000 20490326
77400000 20490308
77600000 20488970
77800000 20490360
78000000 20482267
78200000 20484214
78400000 20494424
78600000 20482773
78800000 20485260
79000000 20492703
79200000 20486378
79400000 20478461
79600000 20482687
79800000 20493079
80000000 20486747
80200000 20494261
80400000 20483053
80600000 20486789
80800000 20493956
81000000 20489600
81200000 20486744
81400000 20481413
81600000 20483548
81800000 20496362
82000000 20487057
82200000 20484688
82400000 20490772
82600000 20479238
82800000 20487486
83000000 20490041
83200000 20489356
83400000 20490916
83600000 20491705
83800000 20482665
84000000 20489908
84200000 20490365
84400000 20495470
84600000 20482555
84800000 20489511
85000000 20483667
85200000 20491688
85400000 20497880
85600000 20486542
85800000 20494176
86000000 20500268
86200000 20494262
86400000 20494251
86600000 20500685
86800000 20488910
87000000 20487525
87200000 20485575
87400000 20490464
87600000 20493797
87800000 20487682
88000000 20493470
88200000 20486877
88400000 20488364
88600000 20481787
88800000 20494364
89000000 20491849
89200000 20488099
89400000 20492018
89600000 20490230
89800000 20485833
90000000 20493486
90200000 20485978
90400000 20494095
90600000 20491442
90800000 20494901
91000000 20486986
91200000 20483985
91400000 20486389
91600000 20492323
91800000 20490355
92000000 20480012
92200000 20489743
92400000 20488803
92600000 20488182
92800000 20489241
93000000 20484274
93200000 20491564
93400000 20486947
93600000 20491244
93800000 20484685
94000000 20487968
94200000 20499863
94400000 20491496
94600000 20492619
94800000 20486259
95000000 20488837
95200000 20488196
95400000 20485707
95600000 20490257
95800000 20491520
96000000 20493433
96200000 20480850
96400000 20488471
96600000 20493726
96800000 20489659
97000000 20492473
97200000 20485633
97400000 20490454
97600000 20479568
97800000 20489907
98000000 20497114
98200000 20487368
98400000 20486099
98600000 20485674
98800000 20483652
99000000 20483338
99200000 20487104
99400000 20493304
99600000 20487833
99800000 20487319
100000000 20495536
100200000 20492271
100400000 20493052
100600000 20493031
100800000 20495179
101000000 20489173
101200000 20484432
101400000 20491078
101600000 20491144
101800000 20480324
102000000 20491705
102200000 20491979
102400000 20500085
102600000 20488032
102800000 20484408
103000000 20498109
103200000 20486671
103400000 20484480
103600000 20483216
103800000 20489228
104000000 20488751
104200000 20480696
104400000 20493063
104600000 20496379
104800000 20485316
105000000 20489890
105200000 20489253
105400000 20483569
105600000 20492038
105800000 20479948
106000000 20486826
106200000 20495892
106400000 20492647
106600000 20488226
106800000 20487773
107000000 20486936
107200000 20492234
107400000 20478388
107600000 20500063
107800000 20489827
108000000 20482255
108200000 20501380
108400000 20477493
108600000 20488224
108800000 20492342
109000000 20489311
109200000 20488236
109400000 20488706
109600000 20490273
109800000 20494125
110000000 20489181
110200000 20490703
110400000 20495919
110600000 20486258
110800000 20490729
111000000 20489824
111200000 20491572
111400000 20478047
111600000 20483993
111800000 20493476
112000000 20487568
112200000 20485903
112400000 20489360
112600000 20484460
112800000 20480438
113000000 20489667
113200000 20488996
113400000 20487323
113600000 20484195
113800000 20484772
114000000 20486942
114200000 20490552
114400000 20486222
114600000 20494232
114800000 20484598
115000000 20488810
115200000 20480859
115400000 20483641
115600000 20497232
115800000 20485217
116000000 20494677
116200000 20481914
116400000 20494093
116600000 20498080
116800000 20492742
117000000 20491425
117200000 20491073
117400000 20491874
117600000 20488547
117800000 20490856
118000000 20488066
118200000 20485018
118400000 20493455
118600000 20478713
118800000 20490262
119000000 20487037
119200000 20482847
119400000 20487052
119600000 20492821
119800000 20483357
120000000 20486584
120200000 20493595
120400000 20492533
120600000 20486129
120800000 20484127
121000000 20487049
121200000 20491372
121400000 20489656
121600000 20489918
121800000 20479727
122000000 20493172
122200000 20486144
122400000 20482679
122600000 20490034
122800000 20499741
123000000 20495296
123200000 20493461
123400000 20488646
123600000 20487912
123800000 20482378
124000000 20484389
124200000 20492887
124400000 20488091
124600000 20491514
124800000 20487351
125000000 20486684
125200000 20487062
125400000 20484250
125600000 20484520
125800000 20486158
126000000 20497273
126200000 20479882
126400000 20490706
126600000 20492550
126800000 20498863
127000000 20491168
127200000 20484366
127400000 20491503
127600000 20488417
127800000 20487683
128000000 20492841
128200000 20490538
128400000 20489735
128600000 20490598
128800000 20484498
129000000 20480499
129200000 20486462
129400000 20481156
129600000 20491714
129800000 20492423
130000000 20490103
130200000 20486384
130400000 20494233
130600000 20480381
130800000 20484959
131000000 20491381
131200000 20491335
131400000 20485293
131600000 20486187
131800000 20483103
132000000 20481729
132200000 20483958
132400000 20499571
132600000 20488382
132800000 20480573
133000000 20482439
133200000 20488825
133400000 20485225
133600000 20490439
133800000 20493019
134000000 20492016
134200000 20488963
134400000 20490704
134600000 20490688
134800000 20500282
135000000 20486369
135200000 20486740
135400000 20488228
135600000 20486700
135800000 20483239
136000000 20493049
136200000 20489508
136400000 20486302
136600000 20490147
136800000 20488247
137000000 20487376
137200000 20487911
137400000 20495108
137600000 20494120
137800000 20481581
138000000 20489767
138200000 20484958
138400000 20485600
138600000 20492069
138800000 20488551
139000000 20485413
139200000 20487308
139400000 20488854
139600000 20484893
139800000 20495039
140000000 20491358
140200000 20490874
140400000 20490134
140600000 20478758
140800000 20489818
141000000 20482403
141200000 20488142
141400000 20485037
141600000 20493416
141800000 20489830
142000000 20494178
142200000 20491791
142400000 20488934
142600000 20482436
142800000 20492032
143000000 20488460
143200000 20491149
143400000 20484799
143600000 20488843
143800000 20489687
144000000 20498968
144200000 20488382
144400000 20491581
144600000 20488511
144800000 20492518
145000000 20491169
145200000 20487203
145400000 20482795
145600000 20489794
145800000 20494615
146000000 20485442
146200000 20486323
146400000 20496801
146600000 20490178
146800000 20491857
147000000 20487513
147200000 20483045
147400000 19399792
147600000 18630070
147800000 18631043
148000000 18630924
148200000 18625811
148400000 18632650
148600000 18630897
148800000 18631003
149000000 18632045
149200000 18625719
149400000 18630697
149600000 18628501
149800000 18626135
150000000 18624782
150200000 18630221
150400000 18623975
150600000 18623452
150800000 18626697
151000000 18626400
151200000 18632169
151400000 18627288
151600000 18630299
151800000 18626599
152000000 18626102
152200000 18631076
152400000 18620218
152600000 18630324
152800000 18624596
153000000 18624539
153200000 18625894
153400000 18622102
153600000 18634481
153800000 18628302
154000000 18620930
154200000 18620872
154400000 18627009
154600000 18631247
154800000 18627495
155000000 18624929
155200000 18630980
155400000 18627285
155600000 18624940
155800000 18622713
156000000 18633500
156200000 18620892
156400000 18627362
156600000 18630423
156800000 18623630
157000000 18627414
157200000 18631223
157400000 18626788
157600000 18628138
157800000 18621436
158000000 18631171
158200000 18617133
158400000 18625063
158600000 18627396
158800000 18623412
159000000 18618351
159200000 18634223
159400000 18631662
159600000 18630392
159800000 18625445
160000000 18637889
160200000 18622369
160400000 18625123
160600000 18628711
160800000 18630119
161000000 18631311
161200000 18618393
161400000 18628020
161600000 18627379
161800000 18631618
162000000 18627634
162200000 18623237
162400000 18619491
162600000 18628136
162800000 18624334
163000000 18624257
163200000 18626947
163400000 18626579
163600000 18626762
163800000 18629025
164000000 18619763
164200000 18632666
164400000 18625338
164600000 18623039
164800000 18629810
165000000 18631036
165200000 18627784
165400000 18620690
165600000 18626852
165800000 18623685
166000000 18624750
166200000 18625344
166400000 18633409
166600000 18621862
166800000 18623127
167000000 18629303
167200000 18626381
167400000 18628655
167600000 18621694
167800000 18626225
168000000 18625282
168200000 18629651
168400000 18622046
168600000 18632526
168800000 18627208
169000000 18635688
169200000 18624762
169400000 18624691
169600000 18626294
169800000 18631748
170000000 18629831
170200000 18628584
170400000 18624943
170600000 18626990
170800000 18622001
171000000 18629148
171200000 18628355
171400000 18619804
171600000 18624090
171800000 18628979
172000000 18626603
172200000 18623461
172400000 18623348
172600000 18628802
172800000 18627336
173000000 18625064
173200000 18619739
173400000 18619484
173600000 18634387
173800000 18628520
174000000 18628711
174200000 18624492
174400000 18624455
174600000 18624678
174800000 18619978
175000000 18628771
175200000 18625672
175400000 18632020
175600000 18629264
175800000 18622390
176000000 18628310
176200000 18628209
176400000 18619550
176600000 18627623
176800000 18629340
177000000 18634213
177200000 18621986
177400000 18628401
177600000 18625020
177800000 18624998
178000000 18623786
178200000 18624821
178400000 18617634
178600000 18619635
178800000 18622092
179000000 18628871
179200000 18627331
179400000 18634114
179600000 18627760
179800000 18629354
180000000 18631812
180200000 18626351
180400000 18623976
180600000 18623892
180800000 18634881
181000000 18628019
181200000 18634551
181400000 18629995
181600000 18625190
181800000 18632383
182000000 18624225
182200000 18637302
182400000 18629852
182600000 18631978
182800000 18620886
183000000 18623967
183200000 18624644
183400000 18632071
183600000 18626191
183800000 18629105
184000000 18628081
184200000 18623122
184400000 18627593
184600000 18617193
184800000 18625095
185000000 18621128
185200000 18624032
185400000 18629298
185600000 18619646
185800000 18628296
186000000 18629167
186200000 18629641
186400000 18629793
186600000 18631568
186800000 18626615
187000000 18627820
187200000 18626460
187400000 18629741
187600000 18628729
187800000 18628050
188000000 18618862
188200000 18621879
188400000 18632575
188600000 18620413
188800000 18622878
189000000 18633897
189200000 18624812
189400000 18624774
189600000 18621740
189800000 18628922
190000000 18636349
190200000 18631107
190400000 18623249
190600000 18630158
190800000 18619737
191000000 18629306
191200000 18627892
191400000 18629484
191600000 18628034
191800000 18626842
192000000 18628071
192200000 18636063
192400000 18626762
192600000 18616722
192800000 18622595
193000000 18627366
193200000 18626009
193400000 18628081
193600000 18623016
193800000 18619047
194000000 18620994
194200000 18623833
194400000 18626694
194600000 18632477
194800000 18624478
195000000 18631740
195200000 18633365
195400000 18618292
195600000 18621533
195800000 18624791
196000000 18626336
196200000 18628459
196400000 18629667
196600000 18627292
196800000 18625927
197000000 18622742
197200000 18622028
197400000 18621236
197600000 18631207
197800000 18625022
198000000 18620168
198200000 18623348
198400000 18626503
198600000 18624198
198800000 18630077
199000000 18626732
199200000 18631395
199400000 18631423
199600000 18624087
199800000 18621930
