0 20000046
200000 20000924
400000 20000638
600000 19999977
800000 19999038
1000000 19999796
1200000 20000292
1400000 19999770
1600000 20000650
1800000 19999411
2000000 19999135
2200000 19999994
2400000 19999274
2600000 19999719
2800000 20000263
3000000 20000754
3200000 20000147
3400000 19999932
3600000 19998835
3800000 19999513
4000000 20000419
4200000 20000165
4400000 20000583
4600000 20000258
4800000 19998738
5000000 19999634
5200000 20000317
5400000 19999734
5600000 20000095
5800000 19999389
6000000 19999185
6200000 19999348
6400000 20000010
6600000 20000000
6800000 20000458
7000000 20000898
7200000 19999671
7400000 20002003
7600000 20000196
7800000 19999933
8000000 20001084
8200000 20000434
8400000 20000291
8600000 19998799
8800000 19999684
9000000 19999435
9200000 19999953
9400000 19999454
9600000 20000887
9800000 19999997
10000000 20001204
10200000 20000810
10400000 19999867
10600000 19999105
10800000 20000028
11000000 20000831
11200000 19998619
11400000 20000837
11600000 20000268
11800000 20001071
12000000 19999460
12200000 20000090
12400000 20000167
12600000 20000263
12800000 19999557
13000000 19999605
13200000 19999605
13400000 20000647
13600000 20000945
13800000 19999469
14000000 20000120
14200000 19999295
14400000 19999744
14600000 20000477
14800000 20000781
15000000 19999825
15200000 19999549
15400000 19999511
15600000 19999101
15800000 20000496
16000000 19999873
16200000 19999696
16400000 19999930
16600000 19999376
16800000 20000287
17000000 19999886
17200000 19999183
17400000 20000040
17600000 20000064
17800000 19999294
18000000 19999218
18200000 20000558
18400000 19999944
18600000 19999490
18800000 20000619
19000000 20000323
19200000 20000148
19400000 19999491
19600000 20000234
19800000 20000467
20000000 20000118
20200000 19999344
20400000 19999647
20600000 20000742
20800000 19999756
21000000 19999992
21200000 19999455
21400000 20000850
21600000 20001026
21800000 19998150
22000000 19999740
22200000 20000291
22400000 19999175
22600000 20001272
22800000 20000289
23000000 19999646
23200000 19999444
23400000 19999540
23600000 19999307
23800000 20000764
24000000 20000640
24200000 20001381
24400000 20001222
24600000 19999961
24800000 19999820
25000000 20000197
25200000 20000869
25400000 20000440
25600000 19999232
25800000 20001192
26000000 19999715
26200000 19999963
26400000 19999071
26600000 20001289
26800000 19998891
27000000 19999845
27200000 19999330
27400000 19999612
27600000 19999821
27800000 20000593
28000000 20000417
28200000 20000076
28400000 19998126
28600000 20000553
28800000 20000077
29000000 20000603
29200000 20001119
29400000 19999957
29600000 19999420
29800000 19999325
30000000 19999008
30200000 19999458
30400000 20000171
30600000 19998895
30800000 20000748
31000000 19998777
31200000 20000802
31400000 20000323
31600000 20000114
31800000 19999461
32000000 20000016
32200000 20000434
32400000 19999846
32600000 20000143
32800000 20000032
33000000 19999743
33200000 20000400
33400000 20000887
33600000 20000591
33800000 20000912
34000000 20000225
34200000 20001165
34400000 20000285
34600000 20000067
34800000 20000243
35000000 19999436
35200000 20000569
35400000 19999596
35600000 20000096
35800000 20000785
36000000 19999351
36200000 20000188
36400000 20000629
36600000 19999222
36800000 19999758
37000000 20000529
37200000 19998617
37400000 20000261
37600000 20000751
37800000 20001176
38000000 19998923
38200000 20000402
38400000 19999416
38600000 19999648
38800000 19999949
39000000 19999698
39200000 19999772
39400000 20000131
39600000 20000784
39800000 19999665
40000000 19999706
40200000 19999576
40400000 20000014
40600000 20000221
40800000 19998907
41000000 19999848
41200000 19999167
41400000 19999354
41600000 19999923
41800000 20000128
42000000 20000922
42200000 20000188
42400000 19999711
42600000 20000205
42800000 20000464
43000000 19999196
43200000 20000626
43400000 19999438
43600000 19999233
43800000 20000880
44000000 20001314
44200000 20000044
44400000 19999749
44600000 20000918
44800000 19999259
45000000 20000209
45200000 19999476
45400000 20000397
45600000 19998472
45800000 20000827
46000000 20000096
46200000 20000098
46400000 19998981
46600000 20000949
46800000 20000278
47000000 20000056
47200000 20000416
47400000 19999454
47600000 19999684
47800000 20000252
48000000 19999606
48200000 19999664
48400000 19999259
48600000 20000798
48800000 19998765
49000000 20000099
49200000 19999344
49400000 20000659
49600000 20000382
49800000 20000483
50000000 19999368
50200000 19999864
50400000 19998963
50600000 19999843
50800000 20000009
51000000 19999348
51200000 20000666
51400000 19999669
51600000 19999751
51800000 20000063
52000000 20000490
52200000 20000454
52400000 20000239
52600000 20000226
52800000 20000963
53000000 20000360
53200000 20000488
53400000 20000010
53600000 20000308
53800000 20000022
54000000 19999685
54200000 20000250
54400000 19999686
54600000 20001437
54800000 19999703
55000000 19999767
55200000 20000693
55400000 19999987
55600000 20000026
55800000 20000677
56000000 20000864
56200000 19998739
56400000 20000857
56600000 20000404
56800000 20001099
57000000 20000659
57200000 20000068
57400000 19999895
57600000 19999116
57800000 20000198
58000000 20000291
58200000 19998481
58400000 20000045
58600000 19999145
58800000 20000633
59000000 19999149
59200000 19999889
59400000 19999852
59600000 19999288
59800000 20000519
60000000 19999631
60200000 20000491
60400000 20001301
60600000 20001127
60800000 20000356
61000000 19999443
61200000 19999348
61400000 20000922
61600000 19999404
61800000 19999933
62000000 20000298
62200000 19999463
62400000 19999125
62600000 20000086
62800000 20000187
63000000 20000406
63200000 19999377
63400000 20000882
63600000 19998911
63800000 19999863
64000000 20000897
64200000 20000625
64400000 19999140
64600000 20000119
64800000 19999824
65000000 20000267
65200000 20000442
65400000 20000313
65600000 19999823
65800000 19998991
66000000 20000053
66200000 19999835
66400000 20000435
66600000 19999855
66800000 20000137
67000000 19999325
67200000 20000602
67400000 19999685
67600000 19999536
67800000 20001369
68000000 19998312
68200000 19999237
68400000 20000432
68600000 19999602
68800000 20000168
69000000 20000282
69200000 19999683
69400000 20000307
69600000 20001221
69800000 19999345
70000000 19999967
70200000 19999744
70400000 19999749
70600000 19999335
70800000 20000684
71000000 19999489
71200000 19999134
71400000 20000069
71600000 20001849
71800000 20000156
72000000 20000346
72200000 20001248
72400000 20000153
72600000 20000711
72800000 19999679
73000000 20000424
73200000 20000389
73400000 19999162
73600000 19999475
73800000 19999840
74000000 20000112
74200000 20001145
74400000 20000486
74600000 19999511
74800000 20000194
75000000 20000713
75200000 19998777
75400000 19999289
75600000 19998970
75800000 19999245
76000000 20000371
76200000 20000604
76400000 20000584
76600000 19999476
76800000 19999667
77000000 20001316
77200000 20000244
77400000 20000598
77600000 19999833
77800000 20000007
78000000 20000290
78200000 19999949
78400000 20000553
78600000 19999209
78800000 20000713
79000000 20000033
79200000 20000099
79400000 19999647
79600000 19999675
79800000 20000715
80000000 19999776
80200000 19999855
80400000 19999713
80600000 20000424
80800000 19999064
81000000 20000727
81200000 20000414
81400000 19998812
81600000 20000327
81800000 19999969
82000000 20000384
82200000 19999287
82400000 19999594
82600000 20000266
82800000 19999781
83000000 20002068
83200000 20000075
83400000 19998806
83600000 20000623
83800000 20001563
84000000 19999712
84200000 20000665
84400000 19999925
84600000 19999175
84800000 19999683
85000000 20000580
85200000 20000825
85400000 20000495
85600000 20001207
85800000 20000864
86000000 20000932
86200000 20000489
86400000 19999895
86600000 19999242
86800000 19999636
87000000 20000764
87200000 20000173
87400000 20000798
87600000 20000594
87800000 20001247
88000000 20000120
88200000 19999766
88400000 20000190
88600000 20000091
88800000 20000625
89000000 19999615
89200000 19999661
89400000 19999896
89600000 20000381
89800000 20001191
90000000 20000535
90200000 19999614
90400000 20000072
90600000 20000478
90800000 19998536
91000000 20000506
91200000 19999500
91400000 20001236
91600000 20000560
91800000 19999136
92000000 19998830
92200000 19999300
92400000 20000067
92600000 20000658
92800000 19999505
93000000 20001128
93200000 20000052
93400000 19999172
93600000 20001393
93800000 19999328
94000000 19999690
94200000 20001171
94400000 20000388
94600000 20000737
94800000 19999992
95000000 20000883
95200000 20000244
95400000 19999118
95600000 19999692
95800000 19999471
96000000 20001316
96200000 19999388
96400000 20000032
96600000 19999841
96800000 20000045
97000000 19999341
97200000 19999029
97400000 19999959
97600000 20001107
97800000 20000067
98000000 19998476
98200000 20000309
98400000 20000014
98600000 19999927
98800000 19999814
99000000 19999330
99200000 19999613
99400000 19998872
99600000 19999833
99800000 20000192
100000000 19999423
100200000 20000164
100400000 20001196
100600000 19999134
100800000 20001464
101000000 20000333
101200000 20000712
101400000 20000027
101600000 19999053
101800000 20001376
102000000 20000146
102200000 19999493
102400000 19999843
102600000 20000436
102800000 20000630
103000000 20000710
103200000 19999797
103400000 19999412
103600000 19999399
103800000 19999432
104000000 19999457
104200000 20000691
104400000 20001264
104600000 19999372
104800000 19999356
105000000 19999567
105200000 19999662
105400000 19999497
105600000 19999456
105800000 20000348
106000000 20000012
106200000 19999291
106400000 20000239
106600000 20000361
106800000 19999448
107000000 20000666
107200000 19998916
107400000 19999739
107600000 20000557
107800000 20000614
108000000 20001470
108200000 19999806
108400000 19999315
108600000 19999994
108800000 19999993
109000000 20000987
109200000 19998920
109400000 20000359
109600000 20000417
109800000 20000065
110000000 19999959
110200000 20000122
110400000 20000369
110600000 19999049
110800000 20000915
111000000 19998909
111200000 20000566
111400000 19999443
111600000 20000336
111800000 19999244
112000000 19998946
112200000 19999081
112400000 20000554
112600000 20000939
112800000 20000259
113000000 19999481
113200000 20000165
113400000 20001424
113600000 20000122
113800000 19998710
114000000 19999924
114200000 19999408
114400000 20000117
114600000 19998741
114800000 19999536
115000000 19999777
115200000 20000925
115400000 20000703
115600000 19999114
115800000 20000216
116000000 19999425
116200000 19999811
116400000 20001339
116600000 19999894
116800000 19998613
117000000 19999401
117200000 19999567
117400000 20000178
117600000 20001138
117800000 19999694
118000000 19999933
118200000 20000841
118400000 20001099
118600000 20001293
118800000 19999769
119000000 20000645
119200000 19999129
119400000 20000643
119600000 20000381
119800000 19999275
120000000 20000549
120200000 19999438
120400000 20000585
120600000 19999663
120800000 19999584
121000000 19998681
121200000 20000334
121400000 19998932
121600000 20000756
121800000 19998973
122000000 19999604
122200000 20000306
122400000 19999973
122600000 19999793
122800000 19999536
123000000 20001063
123200000 20001792
123400000 20000010
123600000 19999617
123800000 20000246
124000000 20000624
124200000 20000445
124400000 20000152
124600000 20000921
124800000 19999361
125000000 20000569
125200000 19999015
125400000 19999799
125600000 20000129
125800000 19999847
126000000 19999955
126200000 20000518
126400000 19999958
126600000 19998571
126800000 19999539
127000000 19998898
127200000 19999452
127400000 20001154
127600000 19999383
127800000 19999153
128000000 19999912
128200000 19998451
128400000 20000148
128600000 20000512
128800000 20000180
129000000 20000408
129200000 20000570
129400000 19998702
129600000 19999665
129800000 20000830
130000000 20000392
130200000 19999686
130400000 20000537
130600000 19999551
130800000 19999183
131000000 20000308
131200000 19999973
131400000 19999891
131600000 20001626
131800000 20000099
132000000 20001062
132200000 19999758
132400000 20000260
132600000 20000399
132800000 20000158
133000000 19998824
133200000 20000271
133400000 19999473
133600000 19999653
133800000 19998932
134000000 20001539
134200000 20000105
134400000 19999726
134600000 19998833
134800000 19999516
135000000 20001209
135200000 19999593
135400000 20000348
135600000 19999379
135800000 19998969
136000000 19999889
136200000 19999812
136400000 19999392
136600000 20000927
136800000 20000271
137000000 20000380
137200000 20000027
137400000 20000153
137600000 20000595
137800000 19999531
138000000 19999830
138200000 20000420
138400000 20000362
138600000 20000946
138800000 19999747
139000000 20000367
139200000 19998306
139400000 19998993
139600000 19999614
139800000 20000575
140000000 20000189
140200000 20000020
140400000 19999962
140600000 20000107
140800000 20000147
141000000 20000322
141200000 19999680
141400000 20000437
141600000 20000728
141800000 20000119
142000000 20000043
142200000 20000754
142400000 20000472
142600000 19999999
142800000 19999443
143000000 19999485
143200000 19999226
143400000 19999640
143600000 20000369
143800000 19999250
144000000 19999975
144200000 19999728
144400000 19998797
144600000 20000208
144800000 19999097
145000000 20000757
145200000 19999244
145400000 19999584
145600000 19999869
145800000 19999991
146000000 20000774
146200000 19999741
146400000 20000117
146600000 19999687
146800000 20000496
147000000 19999147
147200000 19999688
147400000 19999448
147600000 19998917
147800000 19999063
148000000 19998901
148200000 19999833
148400000 19998819
148600000 20000644
148800000 19999569
149000000 20000519
149200000 20000730
149400000 20000900
149600000 20000627
149800000 20000077
150000000 19999072
150200000 19999656
150400000 20000003
150600000 20000580
150800000 19999265
151000000 20000832
151200000 20000419
151400000 20000055
151600000 20000138
151800000 20000676
152000000 19999593
152200000 20000031
152400000 20000424
152600000 19999329
152800000 19999321
153000000 20001506
153200000 19999493
153400000 20000992
153600000 19999373
153800000 20000141
154000000 19999801
154200000 20000498
154400000 19999728
154600000 20001400
154800000 19999684
155000000 20000690
155200000 20000860
155400000 20001274
155600000 19999503
155800000 19999195
156000000 19999288
156200000 20000084
156400000 20000264
156600000 19998822
156800000 20000684
157000000 20000688
157200000 20000794
157400000 20001150
157600000 20001253
157800000 19999115
158000000 19999844
158200000 20000217
158400000 20000209
158600000 20000666
158800000 19998946
159000000 20000894
159200000 19999074
159400000 19999518
159600000 20000860
159800000 19999328
160000000 20000602
160200000 20000138
160400000 19999076
160600000 19999977
160800000 20001570
161000000 20000131
161200000 20000228
161400000 19999506
161600000 20000077
161800000 20000446
162000000 19998739
162200000 19999356
162400000 19999881
162600000 19999839
162800000 20000598
163000000 19999035
163200000 20000594
163400000 19999696
163600000 20000181
163800000 20000295
164000000 19999569
164200000 19998337
164400000 20000369
164600000 19999834
164800000 20000402
165000000 19999926
165200000 19999045
165400000 20000522
165600000 19999305
165800000 19999731
166000000 19999616
166200000 19999964
166400000 20000577
166600000 19999779
166800000 19999832
167000000 20000152
167200000 20001212
167400000 19999021
167600000 19999524
167800000 19999210
168000000 20001087
168200000 20000614
168400000 19998586
168600000 19998824
168800000 20000142
169000000 20000034
169200000 20000226
169400000 19999634
169600000 20000526
169800000 20000167
170000000 20000426
170200000 20000572
170400000 19999515
170600000 19999477
170800000 19998596
171000000 19999860
171200000 19998965
171400000 20000034
171600000 19999428
171800000 19999882
172000000 19999260
172200000 19999282
172400000 20000448
172600000 20000310
172800000 20000867
173000000 19999999
173200000 19999662
173400000 20000793
173600000 20000763
173800000 20000931
174000000 19999953
174200000 19999677
174400000 19999003
174600000 19999744
174800000 20000173
175000000 20000693
175200000 19999048
175400000 19999423
175600000 19998719
175800000 19999557
176000000 19999343
176200000 20000339
176400000 20000292
176600000 19999408
176800000 20000339
177000000 19999451
177200000 19998212
177400000 20000149
177600000 19999421
177800000 20000741
178000000 20001453
178200000 20000028
178400000 19999902
178600000 20000119
178800000 19999219
179000000 20000608
179200000 19999718
179400000 20000268
179600000 20000186
179800000 19999935
180000000 19999125
180200000 20000840
180400000 20000436
180600000 20000105
180800000 20000386
181000000 19999184
181200000 20000584
181400000 19999378
181600000 20000341
181800000 20001399
182000000 19999871
182200000 20000532
182400000 19999003
182600000 20000335
182800000 20000272
183000000 19999405
183200000 20000082
183400000 19999965
183600000 19999988
183800000 20000148
184000000 20000270
184200000 20000242
184400000 19999571
184600000 19999571
184800000 19999981
185000000 19999596
185200000 20000156
185400000 19999423
185600000 20000495
185800000 19999589
186000000 20000714
186200000 19999677
186400000 19999803
186600000 20000527
186800000 20000508
187000000 20000149
187200000 19999665
187400000 19998143
187600000 19999754
187800000 19999481
188000000 20000713
188200000 19999043
188400000 20000014
188600000 19999925
188800000 19999327
189000000 20000179
189200000 19999385
189400000 20000688
189600000 19999191
189800000 20000457
190000000 19999745
190200000 19998625
190400000 20000646
190600000 20000868
190800000 19999787
191000000 19999713
191200000 20000016
191400000 19998711
191600000 19999681
191800000 19999452
192000000 20000435
192200000 20000009
192400000 19999343
192600000 20001226
192800000 20000485
193000000 19999853
193200000 19999365
193400000 19999575
193600000 20000459
193800000 20000857
194000000 20000912
194200000 20001097
194400000 20000701
194600000 19998817
194800000 19999746
195000000 20000144
195200000 19999226
195400000 19998534
195600000 20001702
195800000 20000715
196000000 19999362
196200000 20000319
196400000 19999703
196600000 20000928
196800000 19999763
197000000 19999430
197200000 20000054
197400000 20001005
197600000 20000736
197800000 19999739
198000000 20000146
198200000 19999742
198400000 19999685
198600000 20000139
198800000 19998974
199000000 20000795
199200000 20000864
199400000 20000067
199600000 20000440
199800000 19999331
