1     1643
2     1628
3     1647
4     1677
5     1662
6     1677
7     1660
8     1639
9     1594
10     1668
11     1624
12     1658
13     1599
14     1621
15     1689
16     1617
17     1584
18     1628
19     1696
20     1652
21     1672
22     1669
23     1645
24     1569
25     1632
26     1662
27     1623
28     1649
29     1698
30     1636
31     1607
32     1627
33     1641
34     1626
35     1547
36     1653
37     1588
38     1694
39     1555
40     1615
41     1574
42     1700
43     1617
44     1588
45     1633
46     1606
47     1636
48     1644
49     1703
50     1710
51     1647
52     1611
53     1654
54     1583
55     1610
56     1595
57     1565
58     1638
59     1538
60     1670
61     1650
62     1617
63     1697
64     1682
65     1657
66     1662
67     1668
68     1588
69     1583
70     1616
71     1592
72     1728
73     1607
74     1603
75     1581
76     1575
77     1653
78     1649
79     1665
80     1671
81     1646
82     1577
83     1692
84     1680
85     1679
86     1516
87     1644
88     1571
89     1604
90     1600
91     1583
92     1657
93     1631
94     1649
95     1647
96     1579
97     1612
98     1713
99     1651
100     1607
101     1648
102     1581
103     1589
104     1637
105     1635
106     1597
107     1644
108     1657
109     1603
110     1665
111     1640
112     1591
113     1647
114     1645
115     1643
116     1670
117     1649
118     1651
119     1647
120     1616
121     1658
122     1664
123     1605
124     1633
125     1581
126     1619
127     1665
128     1617
129     1652
130     1672
131     1670
132     1559
133     1633
134     1592
135     1668
136     1649
137     1674
138     1566
139     1663
140     1701
141     1585
142     1636
143     1659
144     1621
145     1575
146     1620
147     1634
148     1652
149     1637
150     1578
151     1623
152     1623
153     1627
154     1576
155     1571
156     1611
157     1647
158     1673
159     1655
160     1688
161     1621
162     1618
163     1616
164     1605
165     1605
166     1560
167     1664
168     1766
169     1632
170     1645
171     1620
172     1681
173     1619
174     1597
175     1612
176     1592
177     1647
178     1586
179     1568
180     1597
181     1701
182     1676
183     1664
184     1701
185     1666
186     1614
187     1602
188     1637
189     1635
190     1650
191     1610
192     1636
193     1645
194     1619
195     1626
196     1617
197     1642
198     1674
199     1586
200     1594
201     1598
202     1588
203     1688
204     1656
205     1569
206     1622
207     1608
208     1591
209     1643
210     1674
211     1606
212     1612
213     1634
214     1550
215     1614
216     1602
217     1599
218     1624
219     1602
220     1667
221     1665
222     1574
223     1608
224     1612
225     1528
226     1613
227     1644
228     1652
229     1665
230     1616
231     1668
232     1686
233     1557
234     1579
235     1645
236     1631
237     1610
238     1593
239     1569
240     1647
241     1653
242     1591
243     1564
244     1566
245     1686
246     1643
247     1673
248     1619
249     1623
250     1634
251     1682
252     1538
253     1603
254     1672
255     1631
256     1654
257     1742
258     1581
259     1597
260     1548
261     1600
262     1627
263     1641
264     1624
265     1686
266     1657
267     1612
268     1579
269     1659
270     1673
271     1623
272     1651
273     1669
274     1542
275     1657
276     1684
277     1569
278     1611
279     1634
280     1626
281     1669
282     1628
283     1613
284     1611
285     1553
286     1675
287     1598
288     1571
289     1611
290     1656
291     1656
292     1600
293     1608
294     1682
295     1540
296     1605
297     1645
298     1638
299     1629
300     1573
301     1555
302     1622
303     1602
304     1606
305     1710
306     1643
307     1601
308     1624
309     1618
310     1586
311     1563
312     1665
313     1595
314     1681
315     1658
316     1557
317     1701
318     1686
319     1683
320     1654
321     1665
322     1569
323     1570
324     1630
325     1668
326     1637
327     1653
328     1597
329     1544
330     1707
331     1580
332     1676
333     1598
334     1567
335     1566
336     1607
337     1498
338     1661
339     1582
340     1662
341     1613
342     1567
343     1649
344     1617
345     1620
346     1565
347     1651
348     1643
349     1631
350     1573
351     1578
352     1626
353     1629
354     1564
355     1609
356     1642
357     1584
358     1627
359     1654
360     1683
361     1628
362     1591
363     1646
364     1615
365     1559
366     1662
367     1648
368     1645
369     1685
370     1655
371     1647
372     1624
373     1628
374     1605
375     1721
376     1629
377     1633
378     1583
379     1558
380     1681
381     1640
382     1601
383     1573
384     1605
385     1668
386     1686
387     1655
388     1622
389     1534
390     1585
391     1522
392     1689
393     1669
394     1690
395     1703
396     1638
397     1606
398     1610
399     1600
400     1541
401     1608
402     1110
403     1149
404     1105
405     1139
406     1135
407     1081
408     1111
409     1151
410     1089
411     1165
412     1162
413     1104
414     1127
415     1082
416     1153
417     1093
418     1084
419     1124
420     1096
421     1141
422     1108
423     1106
424     1152
425     1144
426     1134
427     1104
428     1122
429     1118
430     1140
431     1112
432     1170
433     1105
434     1098
435     1145
436     1048
437     1130
438     1192
439     1127
440     1097
441     1161
442     1080
443     1143
444     1153
445     1167
446     1102
447     1128
448     1142
449     1128
450     1159
451     1034
452     1125
453     1099
454     1140
455     1133
456     1128
457     1040
458     1094
459     1157
460     1135
461     1078
462     1158
463     1169
464     1163
465     1175
466     1111
467     1116
468     1178
469     1155
470     1137
471     1055
472     1116
473     1043
474     1187
475     1113
476     1113
477     1151
478     1189
479     1104
480     1086
481     1131
482     1159
483     1150
484     1091
485     1124
486     1187
487     1097
488     1103
489     1115
490     1085
491     1136
492     1108
493     1123
494     1110
495     1145
496     1186
497     1175
498     1101
499     1119
500     1099
501     1099
502     1086
503     1165
504     1106
505     1112
506     1130
507     1089
508     1133
509     1099
510     1115
511     1125
512     1092
513     1129
514     1154
515     1096
516     1108
517     1116
518     1154
519     1119
520     1089
521     1122
522     1114
523     1175
524     1151
525     1124
526     1139
527     1151
528     1088
529     1148
530     1166
531     1153
532     1111
533     1108
534     1066
535     1178
536     1123
537     1095
538     1098
539     1109
540     1126
541     1151
542     1112
543     1080
544     1082
545     1081
546     1149
547     1101
548     1133
549     1127
550     1117
551     1147
552     1141
553     1129
554     1126
555     1096
556     1141
557     1124
558     1119
559     1117
560     1079
561     1116
562     1099
563     1146
564     1110
565     1140
566     1116
567     1111
568     1081
569     1122
570     1074
571     1118
572     1072
573     1096
574     1136
575     1162
576     1149
577     1108
578     1128
579     1113
580     1121
581     1177
582     1112
583     1177
584     1161
585     1121
586     1131
587     1156
588     1166
589     1115
590     1135
591     1105
592     1086
593     1114
594     1139
595     1169
596     1073
597     1117
598     1062
599     1135
600     1130
601     1126
602     1160
603     1091
604     1095
605     1127
606     1125
607     1153
608     1073
609     1152
610     1112
611     1100
612     1137
613     1137
614     1123
615     1078
616     1139
617     1096
618     1132
619     1101
620     1124
621     1123
622     1119
623     1103
624     1132
625     1153
626     1140
627     1137
628     1175
629     1149
630     1079
631     1161
632     1105
633     1150
634     1101
635     1164
636     1108
637     1111
638     1154
639     1160
640     1102
641     1146
642     1188
643     1137
644     1105
645     1121
646     1127
647     1135
648     1104
649     1105
650     1072
651     1142
652     1037
653     1107
654     1167
655     1092
656     1129
657     1156
658     1151
659     1127
660     1174
661     1115
662     1116
663     1140
664     1106
665     1091
666     1077
667     1113
668     1140
669     1058
670     1109
671     1167
672     1132
673     1096
674     1150
675     1166
676     1063
677     1107
678     1131
679     1104
680     1102
681     1136
682     1140
683     1126
684     1142
685     1075
686     1166
687     1142
688     1123
689     1117
690     1125
691     1133
692     1112
693     1123
694     1133
695     1094
696     1153
697     1133
698     1180
699     1092
700     1161
701     1161
702     1124
703     1084
704     1138
705     1185
706     1161
707     1079
708     1106
709     1165
710     1138
711     1164
712     1077
713     1125
714     1099
715     1209
716     1105
717     1096
718     1150
719     1108
720     1128
721     1089
722     1156
723     1209
724     1134
725     1183
726     1081
727     1115
728     1075
729     1051
730     1112
731     1119
732     1137
733     1103
734     1135
735     1083
736     1144
737     1151
738     1061
739     1103
740     1078
741     1136
742     1168
743     1090
744     1150
745     1152
746     1092
747     1170
748     1156
749     1140
750     1134
751     1162
752     1130
753     1112
754     1087
755     1145
756     1055
757     1130
758     1131
759     1121
760     1180
761     1131
762     1105
763     1103
764     1115
765     1127
766     1156
767     1143
768     1112
769     1116
770     1140
771     1092
772     1142
773     1164
774     1128
775     1106
776     1171
777     1111
778     1103
779     1174
780     1129
781     1118
782     1185
783     1082
784     1161
785     1119
786     1149
787     1129
788     1132
789     1125
790     1156
791     1109
792     1212
793     1117
794     1156
795     1140
796     1140
797     1133
798     1174
799     1129
800     1142
801     1101
802     1127
803     1135
804     1148
805     1124
806     1122
807     1127
808     1165
809     1145
810     1127
811     1108
812     1128
813     1080
814     1111
815     1122
816     1169
817     1099
818     1119
819     1087
820     1125
821     1092
822     1114
823     1085
824     1143
825     1109
826     1162
827     1108
828     1121
829     1127
830     1079
831     1111
832     1096
833     1128
834     1140
835     1085
836     1097
837     1071
838     1096
839     1135
840     1098
841     1122
842     1147
843     1145
844     1145
845     1146
846     1042
847     1117
848     1159
849     1092
850     1132
851     1147
852     1177
853     1138
854     1139
855     1129
856     1151
857     1116
858     1096
859     1110
860     1173
861     1121
862     1150
863     1023
864     1140
865     1105
866     1147
867     1097
868     1113
869     1131
870     1113
871     1199
872     1160
873     1111
874     1138
875     1125
876     1109
877     1131
878     1090
879     1076
880     1149
881     1107
882     1150
883     1147
884     1154
885     1140
886     1079
887     1112
888     1174
889     1126
890     1109
891     1142
892     1132
893     1125
894     1098
895     1185
896     1157
897     1070
898     1144
899     1131
900     1076
901     1093
902     1140
903     1095
904     1158
905     1158
906     1076
907     1116
908     1133
909     1105
910     1114
911     1182
912     1159
913     1152
914     1057
915     1130
916     1147
917     1154
918     1159
919     1144
920     1113
921     1164
922     1140
923     1118
924     1135
925     1151
926     1059
927     1112
928     1134
929     1074
930     1116
931     1105
932     1084
933     1048
934     1069
935     1105
936     1125
937     1127
938     1152
939     1113
940     1131
941     1161
942     1091
943     1137
944     1062
945     1117
946     1126
947     1108
948     1173
949     1064
950     1181
951     1139
952     1114
953     1066
954     1148
955     1113
956     1121
957     1151
958     1113
959     1133
960     1088
961     1112
962     1122
963     1108
964     1128
965     1116
966     1169
967     1147
968     1183
969     1158
970     1115
971     1128
972     1069
973     1136
974     1103
975     1146
976     1106
977     1158
978     1127
979     1161
980     1103
981     1104
982     1069
983     1099
984     1132
985     1099
986     1120
987     1135
988     1089
989     1167
990     1112
991     1107
992     1136
993     1131
994     1164
995     1104
996     1105
997     1121
998     1158
999     1098
1000     1124
1001     1181
1002     1093
1003     1137
1004     1085
1005     1125
1006     1129
1007     1092
1008     1074
1009     1122
1010     1133
1011     1095
1012     1124
1013     1136
1014     1177
1015     1085
1016     1078
1017     1091
1018     1115
1019     1151
1020     1146
1021     1068
1022     1135
1023     1131
1024     1080
1025     1122
1026     1079
1027     1207
1028     1131
1029     1144
1030     1121
1031     1148
1032     1136
1033     1126
1034     1111
1035     1115
1036     1060
1037     1134
1038     1162
1039     1092
1040     1118
1041     1133
1042     1104
1043     1125
1044     1096
1045     1052
1046     1142
1047     1117
1048     1146
1049     1157
1050     1110
1051     1135
1052     1138
1053     1146
1054     1086
1055     1178
1056     1182
1057     1118
1058     1191
1059     1132
1060     1122
1061     1142
1062     1143
1063     1152
1064     1144
1065     1141
1066     1014
1067     1165
1068     1085
1069     1133
1070     1076
1071     1047
1072     1143
1073     1113
1074     1134
1075     1080
1076     1095
1077     1088
1078     1103
1079     1094
1080     1115
1081     1117
1082     1103
1083     1120
1084     1120
1085     1175
1086     1101
1087     1081
1088     1079
1089     1126
1090     1120
1091     1152
1092     1130
1093     1082
1094     1128
1095     1162
1096     1130
1097     1163
1098     1140
1099     1098
1100     1120
1101     1134
1102     1129
1103     1139
1104     1174
1105     1130
1106     1152
1107     1133
1108     1170
1109     1112
1110     1135
1111     1145
1112     1164
1113     1116
1114     1096
1115     1093
1116     1089
1117     1121
1118     1154
1119     1129
1120     1123
1121     1176
1122     1118
1123     1103
1124     1119
1125     1126
1126     1128
1127     1153
1128     1066
1129     1130
1130     1154
1131     1152
1132     1191
1133     1154
1134     1116
1135     1091
1136     1130
1137     1124
1138     1123
1139     1110
1140     1084
1141     1080
1142     1204
1143     1017
1144     1130
1145     1097
1146     1114
1147     1125
1148     1065
1149     1111
1150     1117
1151     1154
1152     1149
1153     1098
1154     1096
1155     1116
1156     1135
1157     1143
1158     1171
1159     1110
1160     1171
1161     1124
1162     1179
1163     1107
1164     1178
1165     1104
1166     1138
1167     1049
1168     1171
1169     1110
1170     1147
1171     1081
1172     1164
1173     1117
1174     1127
1175     1060
1176     1140
1177     1131
1178     1108
1179     1065
1180     1071
1181     1156
1182     1169
1183     1186
1184     1133
1185     1100
1186     1110
1187     1174
1188     1196
1189     1104
1190     1060
1191     1049
1192     1113
1193     1107
1194     1102
1195     1121
1196     1116
1197     1093
1198     1182
1199     1106
1200     1090
1201     1078
1202     1118
1203     1097
1204     1126
1205     1120
1206     1150
1207     1126
1208     1107
1209     1122
1210     1105
1211     1139
1212     1121
1213     1076
1214     1141
1215     1144
1216     1135
1217     1081
1218     1075
1219     1072
1220     1091
1221     1132
1222     1117
1223     1171
1224     1087
1225     1189
1226     1112
1227     1076
1228     1154
1229     1126
1230     1070
1231     1172
1232     1206
1233     1103
1234     1067
1235     1157
1236     1111
1237     1093
1238     1165
1239     1136
1240     1152
1241     1181
1242     1158
1243     1087
1244     1197
1245     1152
1246     1104
1247     1122
1248     1125
1249     1183
1250     1149
1251     1099
1252     1064
1253     1038
1254     1081
1255     1112
1256     1134
1257     1176
1258     1092
1259     1138
1260     1088
1261     1090
1262     1161
1263     1118
1264     1205
1265     1134
1266     1105
1267     1081
1268     1139
1269     1126
1270     1059
1271     1095
1272     1172
1273     1102
1274     1110
1275     1160
1276     1113
1277     1097
1278     1135
1279     1120
1280     1130
1281     1113
1282     1130
1283     1181
1284     1116
1285     1094
1286     1142
1287     1137
1288     1122
1289     1150
1290     1146
1291     1109
1292     1118
1293     1154
1294     1167
1295     1169
1296     1126
1297     1158
1298     1101
1299     1094
1300     1076
1301     1149
1302     1168
1303     1144
1304     1155
1305     1162
1306     1109
1307     1114
1308     1104
1309     1092
1310     1164
1311     1104
1312     1095
1313     1119
1314     1074
1315     1133
1316     1141
1317     1123
1318     1098
1319     1142
1320     1187
1321     1119
1322     1136
1323     1132
1324     1095
1325     1109
1326     1124
1327     1128
1328     1122
1329     1151
1330     1117
1331     1067
1332     1086
1333     1091
1334     1117
1335     1177
1336     1155
1337     1107
1338     1168
1339     1094
1340     1065
1341     1117
1342     1162
1343     1066
1344     1123
1345     1152
1346     1137
1347     1107
1348     1148
1349     1138
1350     1107
1351     1176
1352     1088
1353     1095
1354     1135
1355     1164
1356     1200
1357     1161
1358     1137
1359     1123
1360     1161
1361     1167
1362     1165
1363     1074
1364     1083
1365     1144
1366     1134
1367     1137
1368     1114
1369     1133
1370     1140
1371     1074
1372     1105
1373     1103
1374     1075
1375     1180
1376     1130
1377     1143
1378     1174
1379     1168
1380     1106
1381     1138
1382     1123
1383     1108
1384     1140
1385     1123
1386     1121
1387     1195
1388     1113
1389     1090
1390     1187
1391     1125
1392     1118
1393     1124
1394     1124
1395     1048
1396     1137
1397     1071
1398     1106
1399     1112
1400     1060
1401     1122
1402     1203
1403     1134
1404     1174
1405     1104
1406     1112
1407     1144
1408     1193
1409     1122
1410     1083
1411     1109
1412     1161
1413     1073
1414     1172
1415     1099
1416     1108
1417     1116
1418     1133
1419     1127
1420     1144
1421     1107
1422     1146
1423     1083
1424     1167
1425     1149
1426     1070
1427     1117
1428     1150
1429     1098
1430     1161
1431     1111
1432     1137
1433     1162
1434     1157
1435     1180
1436     1051
1437     1173
1438     1090
1439     1096
1440     1138
1441     1070
1442     1105
1443     1098
1444     1071
1445     1188
1446     1111
1447     1136
1448     1088
1449     1079
1450     1078
1451     1092
1452     1120
1453     1107
1454     1136
1455     1037
1456     1135
1457     1181
1458     1143
1459     1095
1460     1125
1461     1203
1462     1147
1463     1143
1464     1126
1465     1186
1466     1118
1467     1097
1468     1130
1469     1147
1470     1083
1471     1101
1472     1126
1473     1139
1474     1115
1475     1165
1476     1131
1477     1125
1478     1172
1479     1142
1480     1073
1481     1080
1482     1115
1483     1102
1484     1142
1485     1192
1486     1131
1487     1097
1488     1096
1489     1094
1490     1093
1491     1109
1492     1099
1493     1119
1494     1129
1495     1092
1496     1140
1497     1131
1498     1162
1499     1126
1500     1186
1501     1117
1502     1112
1503     1087
1504     1164
1505     1155
1506     1073
1507     1141
1508     1078
1509     1108
1510     1158
1511     1103
1512     1104
1513     1127
1514     1129
1515     1097
1516     1041
1517     1161
1518     1179
1519     1174
1520     1160
1521     1125
1522     1125
1523     1070
1524     1079
1525     1085
1526     1122
1527     1107
1528     1151
1529     1186
1530     1139
1531     1142
1532     1128
1533     1144
1534     1098
1535     1158
1536     1159
1537     1149
1538     1096
1539     1102
1540     1122
1541     1098
1542     1027
1543     1101
1544     1090
1545     1145
1546     1123
1547     1112
1548     1156
1549     1098
1550     1080
1551     1117
1552     1162
1553     1086
1554     1139
1555     1059
1556     1146
1557     1121
1558     1161
1559     1146
1560     1089
1561     1133
1562     1149
1563     1138
1564     1112
1565     1100
1566     1140
1567     1092
1568     1069
1569     1134
1570     1141
1571     1158
1572     1210
1573     1135
1574     1138
1575     1135
1576     1151
1577     1101
1578     1149
1579     1092
1580     1167
1581     1199
1582     1139
1583     1118
1584     1114
1585     1141
1586     1147
1587     1179
1588     1153
1589     1172
1590     1148
1591     1091
1592     1136
1593     1174
1594     1097
1595     1054
1596     1097
1597     1103
1598     1118
1599     1110
1600     1030
