1 3.000000 0.000000 0 0
1001 1242.000000 500500.000000 500500 500500
2001 4789.000000 2001000.000000 2001000 2001000
3001 9695.000000 4501500.000000 4501500 4501500
4001 14312.000000 8002000.000000 8002000 8002000
5001 17701.000000 12502500.000000 12502500 12502500
6001 23703.000000 18003000.000000 18003000 18003000
7001 31324.000000 24503500.000000 24503500 24503500
8001 40410.000000 32004000.000000 32004000 32004000
9001 51544.000000 40504500.000000 40504500 40504500
10001 63007.000000 50005000.000000 50005000 50005000
11001 75989.000000 60505500.000000 60505500 60505500
12001 90206.000000 72006000.000000 72006000 72006000
13001 105859.000000 84506500.000000 84506500 84506500
14001 122957.000000 98007000.000000 98007000 98007000
15001 140766.000000 112507500.000000 112507500 112507500
16001 160316.000000 128008000.000000 128008000 128008000
17001 182449.000000 144508500.000000 144508500 144508500
18001 202550.000000 162009000.000000 162009000 162009000
19001 225304.000000 180509500.000000 180509500 180509500
20001 250919.000000 200010000.000000 200010000 200010000
21001 279027.000000 220510500.000000 220510500 220510500
22001 303097.000000 242011000.000000 242011000 242011000
23001 332203.000000 264511500.000000 264511500 264511500
24001 361469.000000 288012000.000000 288012000 288012000
25001 390915.000000 312512500.000000 312512500 312512500
26001 424585.000000 338013000.000000 338013000 338013000
27001 457860.000000 364513500.000000 364513500 364513500
28001 491996.000000 392014000.000000 392014000 392014000
29001 529241.000000 420514500.000000 420514500 420514500
30001 566584.000000 450015000.000000 450015000 450015000
31001 601740.000000 480515500.000000 480515500 480515500
32001 640690.000000 512016000.000000 512016000 512016000
33001 680127.000000 544516500.000000 544516500 544516500
34001 719854.000000 578017000.000000 578017000 578017000
35001 765788.000000 612517500.000000 612517500 612517500
36001 807060.000000 648018000.000000 648018000 648018000
37001 855147.000000 684518500.000000 684518500 684518500
38001 898845.000000 722019000.000000 722019000 722019000
39001 947027.000000 760519500.000000 760519500 760519500
40001 996793.000000 800020000.000000 800020000 800020000
41001 1046206.000000 840520500.000000 840520500 840520500
42001 1102054.000000 882021000.000000 882021000 882021000
43001 1152187.000000 924521500.000000 924521500 924521500
44001 1204762.000000 968022000.000000 968022000 968022000
45001 1262379.000000 1012522500.000000 1012522500 1012522500
46001 1316665.000000 1058023000.000000 1058023000 1058023000
47001 1375223.000000 1104523500.000000 1104523500 1104523500
48001 1434507.000000 1152024000.000000 1152024000 1152024000
49001 1512421.000000 1200524500.000000 1200524500 1200524500
50001 1577859.000000 1250025000.000000 1250025000 1250025000
51001 1619102.000000 1300525500.000000 1300525500 1300525500
52001 1682419.000000 1352026000.000000 1352026000 1352026000
53001 1747840.000000 1404526500.000000 1404526500 1404526500
54001 1814606.000000 1458027000.000000 1458027000 1458027000
55001 1881874.000000 1512527500.000000 1512527500 1512527500
56001 1951673.000000 1568028000.000000 1568028000 1568028000
57001 2021464.000000 1624528500.000000 1624528500 1624528500
58001 2095853.000000 1682029000.000000 1682029000 1682029000
59001 2165708.000000 1740529500.000000 1740529500 1740529500
60001 2239058.000000 1800030000.000000 1800030000 1800030000
61001 2324869.000000 1860530500.000000 1860530500 1860530500
62001 2410432.000000 1922031000.000000 1922031000 1922031000
63001 2471083.000000 1984531500.000000 1984531500 1984531500
64001 2548027.000000 2048032000.000000 2048032000 2048032000
65001 2629014.000000 2112532500.000000 2112532500 2112532500
